15
     0     0     0   108     0    92    95    93    93    94    80    93   112   112     0
     0     0    82   103   108     0   108   118   111    90   119    90    80    99    91
     0    82     0   111   105     0    91   119   109    99   101   116    95   116   101
   108   103   111     0     0   120     0   111    81   104   103    85   108    99   104
     0   108   105     0     0    89   114    92     0    95    80    99    92    88   105
    92     0     0   120    89     0     0     0   105    85   119   108     0    82    92
    95   108    91     0   114     0     0    88    97    86   111    94   113    86     0
    93   118   119   111    92     0    88     0    88    90   120    86   118    80    85
    93   111   109    81     0   105    97    88     0   101   110   103     0    91    83
    94    90    99   104    95    85    86    90   101     0    96   108    89   101   107
    80   119   101   103    80   119   111   120   110    96     0     0   100   114    84
    93    90   116    85    99   108    94    86   103   108     0     0    85    94   105
   112    80    95   108    92     0   113   118     0    89   100    85     0   118   112
   112    99   116    99    88    82    86    80    91   101   114    94   118     0    99
     0    91   101   104   105    92     0    85    83   107    84   105   112    99     0
