12
     0     0    88   103   109     0     0     0    95    95   105     0
     0     0     0   109     0    91   111   106   104     0     0     0
    88     0     0   109     0   100    94     0     0     0     0    96
   103   109   109     0    88   101    99   105     0     0    81     0
   109     0     0    88     0    81     0   112     0     0     0     0
     0    91   100   101    81     0     0   105    85     0     0     0
     0   111    94    99     0     0     0     0     0     0   111   105
     0   106     0   105   112   105     0     0   116     0     0     0
    95   104     0     0     0    85     0   116     0     0     0   113
    95     0     0     0     0     0     0     0     0     0    95   103
   105     0     0    81     0     0   111     0     0    95     0     0
     0     0    96     0     0     0   105     0   113   103     0     0
