15
     0     0     0     0     0     0     0   118     0     0     0   105     0     0   103
     0     0   110    83     0   106     0     0     0     0     0    88    82     0     0
     0   110     0   117     0   114     0     0     0     0     0    88     0    80     0
     0    83   117     0     0     0   110     0     0    96     0     0     0     0     0
     0     0     0     0     0     0     0     0   112   113     0    90     0     0     0
     0   106   114     0     0     0     0     0     0   119     0     0   114     0     0
     0     0     0   110     0     0     0     0     0     0    82   110   102     0     0
   118     0     0     0     0     0     0     0     0    91    84     0     0     0     0
     0     0     0     0   112     0     0     0     0    97     0     0   113     0     0
     0     0     0    96   113   119     0    91    97     0     0   115     0     0     0
     0     0     0     0     0     0    82    84     0     0     0     0    85     0     0
   105    88    88     0    90     0   110     0     0   115     0     0   109     0     0
     0    82     0     0     0   114   102     0   113     0    85   109     0   102     0
     0     0    80     0     0     0     0     0     0     0     0     0   102     0     0
   103     0     0     0     0     0     0     0     0     0     0     0     0     0     0
