12
     0    85     0    94   109     0   113     0    88     0     0   100
    85     0     0     0     0     0   107     0   112   100    98   101
     0     0     0    98    91     0     0     0    85     0    91   106
    94     0    98     0   101    80    99     0    80   110     0     0
   109     0    91   101     0     0   105     0    83   105    87   101
     0     0     0    80     0     0     0     0   108     0   103    82
   113   107     0    99   105     0     0     0    86   114     0    93
     0     0     0     0     0     0     0     0   105     0     0     0
    88   112    85    80    83   108    86   105     0    81     0   110
     0   100     0   110   105     0   114     0    81     0     0    80
     0    98    91     0    87   103     0     0     0     0     0     0
   100   101   106     0   101    82    93     0   110    80     0     0
