15
     0    99   101     0     0     0    95   113     0     0     0   119     0     0     0
    99     0    82    97     0     0     0     0     0     0   113     0     0     0   105
   101    82     0     0   101     0     0   100     0     0     0   104     0    86     0
     0    97     0     0     0    90   105    82   115     0     0     0   110     0    94
     0     0   101     0     0     0     0     0    81   106     0     0     0   116     0
     0     0     0    90     0     0   115   113    93     0     0     0     0   103    86
    95     0     0   105     0   115     0     0     0    83     0     0     0     0   104
   113     0   100    82     0   113     0     0     0    95   103     0     0     0   102
     0     0     0   115    81    93     0     0     0     0    81   104     0     0     0
     0     0     0     0   106     0    83    95     0     0     0     0     0     0     0
     0   113     0     0     0     0     0   103    81     0     0     0    90     0     0
   119     0   104     0     0     0     0     0   104     0     0     0   103     0     0
     0     0     0   110     0     0     0     0     0     0    90   103     0   111     0
     0     0    86     0   116   103     0     0     0     0     0     0   111     0     0
     0   105     0    94     0    86   104   102     0     0     0     0     0     0     0
