12
     0     0     0     0     0    92     0    86     0    82     0   114
     0     0    97     0     0     0     0   101     0     0    96     0
     0    97     0    89     0     0     0    98     0     0     0     0
     0     0    89     0     0     0     0     0     0     0     0    99
     0     0     0     0     0     0     0     0     0    83    96     0
    92     0     0     0     0     0     0    87     0     0     0     0
     0     0     0     0     0     0     0     0   104    86     0    96
    86   101    98     0     0    87     0     0     0   103     0     0
     0     0     0     0     0     0   104     0     0    80     0     0
    82     0     0     0    83     0    86   103    80     0     0     0
     0    96     0     0    96     0     0     0     0     0     0     0
   114     0     0    99     0     0    96     0     0     0     0     0
