15
     0    92     0     0     0     0     0    84    82     0     0     0     0     0     0
    92     0     0     0    85     0     0    94   113   110   106     0   100     0     0
     0     0     0    93   113   103    97     0   101     0     0     0     0   117     0
     0     0    93     0   100     0     0     0   110    93     0     0     0     0     0
     0    85   113   100     0    85    99     0   115    95    86   117    94    87   120
     0     0   103     0    85     0     0   109     0     0     0     0   118     0     0
     0     0    97     0    99     0     0     0     0   116    91     0     0    87     0
    84    94     0     0     0   109     0     0   115     0   100    93    89     0    84
    82   113   101   110   115     0     0   115     0     0     0   116     0     0    87
     0   110     0    93    95     0   116     0     0     0     0     0     0     0    96
     0   106     0     0    86     0    91   100     0     0     0   103     0     0   118
     0     0     0     0   117     0     0    93   116     0   103     0   104     0     0
     0   100     0     0    94   118     0    89     0     0     0   104     0     0   114
     0     0   117     0    87     0    87     0     0     0     0     0     0     0    88
     0     0     0     0   120     0     0    84    87    96   118     0   114    88     0
