15
     0   100   100   100    99    99    99    99    99   100    99    99   100    99    99
   100     0    99   100   100   100    99    99    99   100    99   100   100    99    99
   100    99     0    99   100   100   100   100    99    99    99   100    99    99   100
   100   100    99     0   100   100    99    99   100    99   100   100    99    99   100
    99   100   100   100     0   100   100    99    99   100    99    99   100   100    99
    99   100   100   100   100     0   100   100    99    99   100   100    99    99   100
    99    99   100    99   100   100     0    99   100   100    99   100   100    99   100
    99    99   100    99    99   100    99     0    99    99   100   100   100   100    99
    99    99    99   100    99    99   100    99     0    99    99    99    99   100    99
   100   100    99    99   100    99   100    99    99     0    99    99    99    99    99
    99    99    99   100    99   100    99   100    99    99     0    99    99   100   100
    99   100   100   100    99   100   100   100    99    99    99     0    99    99   100
   100   100    99    99   100    99   100   100    99    99    99    99     0    99    99
    99    99    99    99   100    99    99   100   100    99   100    99    99     0    99
    99    99   100   100    99   100   100    99    99    99   100   100    99    99     0
