28
     0    93   118    90   118   110   111     0   109   106   118    84     0   117    88    93    92   114    90     0   120   120    95    85    91   105    97   108
    93     0    87   105    93    99   112   101    97    86    98   110    83    87   100   114   115    98    80   111   108    93    83   103   104    84   103   119
   118    87     0    89   116   105   109   104     0   115    95   119     0    93    88     0   100   113    94   118     0   102    98    87    83    93    81   103
    90   105    89     0    93   115    93   107   118   116    90    83   100    90     0    95    96   118    83     0     0   120     0   112    98   118    86     0
   118    93   116    93     0   107    99     0   119    82    97   102   102   106   108   116   109    90    88     0   105   103   115   104   101    86   108     0
   110    99   105   115   107     0    80    99    82    96    96    87    97    89   105    97    95    93     0   116    96    96    94   118   118    81   105   113
   111   112   109    93    99    80     0   113   118    83    97   102   120    81    82    86   111    85   107   115   101    82    81     0    80    91   106     0
     0   101   104   107     0    99   113     0    99     0   108    81    94    83    99   111    81    96   114   108    91   106     0   105    96    83    89    95
   109    97     0   118   119    82   118    99     0     0    86    91   103   117    96    89   111   120     0     0    93   112    81   106    99   100    96   102
   106    86   115   116    82    96    83     0     0     0   116     0    99    80   108   102    99     0   102    90   112    87     0   117    87    92    85   104
   118    98    95    90    97    96    97   108    86   116     0   100    99    87    96   117    98    88   118     0   114    81   119    99   103   100   115    86
    84   110   119    83   102    87   102    81    91     0   100     0    96    96     0    87    85     0   118   108   107    89    99   117    86   106    88    93
     0    83     0   100   102    97   120    94   103    99    99    96     0    91   109   114    98    86   111     0   119    97   110   112   100   109    90    82
   117    87    93    90   106    89    81    83   117    80    87    96    91     0    90     0    87    89   108   103    98   114   102    85   100   112   106    96
    88   100    88     0   108   105    82    99    96   108    96     0   109    90     0   120    93   107    94   104    97    88    82   105    80    80    81   110
    93   114     0    95   116    97    86   111    89   102   117    87   114     0   120     0   114     0     0   104   100    85   108   111    92   119    98   117
    92   115   100    96   109    95   111    81   111    99    98    85    98    87    93   114     0    96    91    99   103   114    90    88    89    91   101   118
   114    98   113   118    90    93    85    96   120     0    88     0    86    89   107     0    96     0   105     0    85    94   115     0    89   120   115    91
    90    80    94    83    88     0   107   114     0   102   118   118   111   108    94     0    91   105     0    82   107    84   106     0    88    89    94    80
     0   111   118     0     0   116   115   108     0    90     0   108     0   103   104   104    99     0    82     0   104     0     0    94    99   100   111   112
   120   108     0     0   105    96   101    91    93   112   114   107   119    98    97   100   103    85   107   104     0    80     0    95   107    90   104   119
   120    93   102   120   103    96    82   106   112    87    81    89    97   114    88    85   114    94    84     0    80     0   103    84   116    88    91    92
    95    83    98     0   115    94    81     0    81     0   119    99   110   102    82   108    90   115   106     0     0   103     0    82   100    93     0     0
    85   103    87   112   104   118     0   105   106   117    99   117   112    85   105   111    88     0     0    94    95    84    82     0   120   113     0    95
    91   104    83    98   101   118    80    96    99    87   103    86   100   100    80    92    89    89    88    99   107   116   100   120     0   106   117    83
   105    84    93   118    86    81    91    83   100    92   100   106   109   112    80   119    91   120    89   100    90    88    93   113   106     0   116    88
    97   103    81    86   108   105   106    89    96    85   115    88    90   106    81    98   101   115    94   111   104    91     0     0   117   116     0    99
   108   119   103     0     0   113     0    95   102   104    86    93    82    96   110   117   118    91    80   112   119    92     0    95    83    88    99     0
