25
     0    97   111   104     0   100   112    97    90    94   120   109    94    92     0   108     0     0   110   113    86   101   112    99   115
    97     0    83    88   116    94    97   118    85   120   112   119   101    89   109    85   109   101   104   119   117   104   109    90   118
   111    83     0    96    81   111   103   105   102    83    99   107    93    96    80   112    95    85   111    87    84     0    94    96   115
   104    88    96     0    99    86    95    84    86     0    93   108   115   105   108    90   107    98   115    93   120   120   112   106    93
     0   116    81    99     0    90   107    84     0   105   114   118   112     0   120    93    89   115   114    97    91     0   118   103   105
   100    94   111    86    90     0   108    99    89    95   112   118   113   106    90   114   108    84   101    82    94    89    86    80    83
   112    97   103    95   107   108     0    85   113    84     0    98    83   119    93   101    92    91    85   117   119   105    85    95    96
    97   118   105    84    84    99    85     0    85    87    83    95    82   111    99   103   113   115   113    81   116   118    88   110    81
    90    85   102    86     0    89   113    85     0     0   109   113    82    81    95    94    94   101    90    94     0     0    87     0    97
    94   120    83     0   105    95    84    87     0     0   109   103   104   116   108   120   120   101   100   103    95    95    95    98    90
   120   112    99    93   114   112     0    83   109   109     0    94   107   120    95    97   114    97     0   100     0    89   113   115   112
   109   119   107   108   118   118    98    95   113   103    94     0    84    88   119   102   120   101    87   117    90    86   117   111   107
    94   101    93   115   112   113    83    82    82   104   107    84     0    99    86    83   116   104    93    89    92    94   104   111    87
    92    89    96   105     0   106   119   111    81   116   120    88    99     0    83    91    98   116    87    89    80    97    87   104    96
     0   109    80   108   120    90    93    99    95   108    95   119    86    83     0   110   113    93     0     0    80   120    89   113   108
   108    85   112    90    93   114   101   103    94   120    97   102    83    91   110     0   110    80   111   105   107    85   114   119    99
     0   109    95   107    89   108    92   113    94   120   114   120   116    98   113   110     0     0    99   112     0   108   104    82    86
     0   101    85    98   115    84    91   115   101   101    97   101   104   116    93    80     0     0   102    91    95     0   104   108   103
   110   104   111   115   114   101    85   113    90   100     0    87    93    87     0   111    99   102     0     0    89    84    94    81    99
   113   119    87    93    97    82   117    81    94   103   100   117    89    89     0   105   112    91     0     0    96     0    80   110    89
    86   117    84   120    91    94   119   116     0    95     0    90    92    80    80   107     0    95    89    96     0     0   110    99    89
   101   104     0   120     0    89   105   118     0    95    89    86    94    97   120    85   108     0    84     0     0     0   102     0    83
   112   109    94   112   118    86    85    88    87    95   113   117   104    87    89   114   104   104    94    80   110   102     0   118   107
    99    90    96   106   103    80    95   110     0    98   115   111   111   104   113   119    82   108    81   110    99     0   118     0   119
   115   118   115    93   105    83    96    81    97    90   112   107    87    96   108    99    86   103    99    89    89    83   107   119     0
