27
     0    96    88    91    92    84     0     0    86     0     0   109     0    83     0   102     0     0   104   105     0     0    91     0   118   106   107
    96     0   105     0    84    97    92   101    91     0    85   115    92   103     0    92     0     0     0    84   102    96    84     0   104   112    92
    88   105     0   117    85    99    85     0     0     0   114   102   109    97    86   120     0     0    96   112   109    80   119    85    94    99     0
    91     0   117     0    96   100     0     0     0    93   111    84   108   115   108    85    80     0     0    93   119    92    89    83   111     0    96
    92    84    85    96     0     0     0     0     0   117    94    85    93     0   102     0    84   111    96   113   113    94   118     0    87   115    96
    84    97    99   100     0     0     0     0   109    90     0    88   115     0   120    84   102     0    84    84   117    82    98    85     0     0    87
     0    92    85     0     0     0     0    91   102    83     0   105     0   109    98    89   113    88   105   106    80     0    80     0   105    89   115
     0   101     0     0     0     0    91     0    82   120    84    90   114    83    94    97    89   100     0    93    93   119   101     0   100     0    89
    86    91     0     0     0   109   102    82     0    84     0   103   116   113    82    84   105     0    92   111    92    93   111   118   104   106   120
     0     0     0    93   117    90    83   120    84     0   104   112     0    92     0    99     0     0     0   118     0   106   119     0    86    86    91
     0    85   114   111    94     0     0    84     0   104     0   100    86   112   120    95     0     0   118   105     0     0    92   110   109    97    95
   109   115   102    84    85    88   105    90   103   112   100     0    81    87   109    96     0   119     0   108   120   106     0   110     0     0     0
     0    92   109   108    93   115     0   114   116     0    86    81     0   105    97    81    84     0     0    94   109    82   103     0     0   117    95
    83   103    97   115     0     0   109    83   113    92   112    87   105     0     0    82     0     0     0    82    89    83     0     0     0     0    97
     0     0    86   108   102   120    98    94    82     0   120   109    97     0     0    86   110   110   117    99    88    93   100    95    81   116    95
   102    92   120    85     0    84    89    97    84    99    95    96    81    82    86     0   110   117    82    99   102   100   102     0   108   116    90
     0     0     0    80    84   102   113    89   105     0     0     0    84     0   110   110     0     0   112     0   100    87    88   104    89    97     0
     0     0     0     0   111     0    88   100     0     0     0   119     0     0   110   117     0     0   108   109     0   106    99   100   102   118   108
   104     0    96     0    96    84   105     0    92     0   118     0     0     0   117    82   112   108     0   115    97    84   118     0    94   102   109
   105    84   112    93   113    84   106    93   111   118   105   108    94    82    99    99     0   109   115     0    93     0     0   104    89   117    85
     0   102   109   119   113   117    80    93    92     0     0   120   109    89    88   102   100     0    97    93     0   111   106    83    81    97     0
     0    96    80    92    94    82     0   119    93   106     0   106    82    83    93   100    87   106    84     0   111     0     0   105    90     0     0
    91    84   119    89   118    98    80   101   111   119    92     0   103     0   100   102    88    99   118     0   106     0     0   107    89    99    84
     0     0    85    83     0    85     0     0   118     0   110   110     0     0    95     0   104   100     0   104    83   105   107     0   119    89   110
   118   104    94   111    87     0   105   100   104    86   109     0     0     0    81   108    89   102    94    89    81    90    89   119     0     0    97
   106   112    99     0   115     0    89     0   106    86    97     0   117     0   116   116    97   118   102   117    97     0    99    89     0     0   109
   107    92     0    96    96    87   115    89   120    91    95     0    95    97    95    90     0   108   109    85     0     0    84   110    97   109     0
