24
     0    81    87    80    86    96    89   100    82   119   108    82   107   117    81   106   112   118    92    86    86    92   106   107
    81     0   102   109    92   120   116   115   119   109   118    87   109    84   104   120   106   108    80    95   112   107    91   113
    87   102     0    94    83   112   106    89   120   118   118   106    99   106   120   100   103   115   101    91   112   108    81   118
    80   109    94     0    93    83   106    80    83    80   114   112    92   108    85    95    99   111   106    98   110   105    83    88
    86    92    83    93     0    92    85   110   115   120    90    87   113    80    89   111    93    92    98    96    97    98    89    88
    96   120   112    83    92     0   112   118    95    88    96    85   115   115   115   101   120    84   114    84   114   108    85    86
    89   116   106   106    85   112     0   116   119    86    86   111    99   100    88   115   117   108    86    86   100    83   101   108
   100   115    89    80   110   118   116     0   101   108   104    97   104    85    99   108   119   105   103   108   111   111   103   111
    82   119   120    83   115    95   119   101     0   117   111   101    98    90   111    94    86   100   100    94   120   103   117   110
   119   109   118    80   120    88    86   108   117     0    86   104    93   103    87   100    81   117   100   109   102    88    99    92
   108   118   118   114    90    96    86   104   111    86     0   113    91    91   104   112   109   114   104    82    82    83   103    98
    82    87   106   112    87    85   111    97   101   104   113     0    85    87    95   117    93   119    89   119    88   112    81    86
   107   109    99    92   113   115    99   104    98    93    91    85     0    91   110   108    99    90    82    92   101    93   118    94
   117    84   106   108    80   115   100    85    90   103    91    87    91     0    83   111   118    85   115    83   110    93    90   120
    81   104   120    85    89   115    88    99   111    87   104    95   110    83     0   108    86    94   108    97    92   116    88    94
   106   120   100    95   111   101   115   108    94   100   112   117   108   111   108     0    82   100    85   112    80    96   116    94
   112   106   103    99    93   120   117   119    86    81   109    93    99   118    86    82     0   117    90    91    91    93    84    90
   118   108   115   111    92    84   108   105   100   117   114   119    90    85    94   100   117     0   101   119    95    92    93   105
    92    80   101   106    98   114    86   103   100   100   104    89    82   115   108    85    90   101     0    91    80   113   106   111
    86    95    91    98    96    84    86   108    94   109    82   119    92    83    97   112    91   119    91     0    90   118   108    98
    86   112   112   110    97   114   100   111   120   102    82    88   101   110    92    80    91    95    80    90     0    93   110   120
    92   107   108   105    98   108    83   111   103    88    83   112    93    93   116    96    93    92   113   118    93     0    99   104
   106    91    81    83    89    85   101   103   117    99   103    81   118    90    88   116    84    93   106   108   110    99     0    80
   107   113   118    88    88    86   108   111   110    92    98    86    94   120    94    94    90   105   111    98   120   104    80     0
