29
     0    89   113   106   105   119    81   102    99   107    89   109    82   109   116    95    92    91    86    87    84    83    87   117    82   103    88    90    90
    89     0    89   111   104   100   103     0    89    84     0   103    92   109    82     0   119   118   113    83   106     0   108    98     0    80   119   106    87
   113    89     0    82   112    96    80   114    81    88    85    91    99   116   117   119   101    85    85    83   100   114    87    98   111   120   101    99   108
   106   111    82     0    80    99   108   107   108   113    98    85   113    93     0    86    83   101    99   102    98    95   101   119     0   103   106    84    82
   105   104   112    80     0   101    91   102     0    91    93     0    85   112    80    85    90     0   110   114   120   102    93    85    97   107     0    91   100
   119   100    96    99   101     0    87     0   113    81   105    87   104   106     0   112    91   112   116   112    82   100    85    97   105   117    99   112    89
    81   103    80   108    91    87     0    89   108    88   111    80    93    87   109   107   109   118    99   113   105   108    96    90   102   108    81    97   101
   102     0   114   107   102     0    89     0    85     0   117   106   105   103   103    83    97   112    94    86   120    85    86    95    94     0     0     0   118
    99    89    81   108     0   113   108    85     0    83     0    83   115   102   116    99    91    93   111   113    82   114    90   104   120    88    89   104   114
   107    84    88   113    91    81    88     0    83     0   112   109    92   105    83    98   107    90   104    81   104     0   101    84   109    98     0   108   106
    89     0    85    98    93   105   111   117     0   112     0   117   119   120   110   112    81     0   103    83   107   102    91   117    87    86   110   119    98
   109   103    91    85     0    87    80   106    83   109   117     0    97    81   116    83    91   102    84   117    82     0    90   108   100   118    93    99   116
    82    92    99   113    85   104    93   105   115    92   119    97     0    94    88   109    98   113   112    84    97    85    82   104    91   115   102   110    91
   109   109   116    93   112   106    87   103   102   105   120    81    94     0   105   107    96   118    88   100   115    91   112   102   113   111   117    93   106
   116    82   117     0    80     0   109   103   116    83   110   116    88   105     0    91   103    97   109    96    88   115   113    95   118    98     0     0   107
    95     0   119    86    85   112   107    83    99    98   112    83   109   107    91     0   114    82    98    84   107    84   102   105     0    93    81   101     0
    92   119   101    83    90    91   109    97    91   107    81    91    98    96   103   114     0   106   115    84   100   105    80   114    92    91    98   109    81
    91   118    85   101     0   112   118   112    93    90     0   102   113   118    97    82   106     0   116   120   117   108    94   116    88    80   109    90   100
    86   113    85    99   110   116    99    94   111   104   103    84   112    88   109    98   115   116     0   115   119   105    96   105   118    99    87   103    95
    87    83    83   102   114   112   113    86   113    81    83   117    84   100    96    84    84   120   115     0    91    84   120    92   120    91   103    98    82
    84   106   100    98   120    82   105   120    82   104   107    82    97   115    88   107   100   117   119    91     0   105    93    81   103    83    95    98    91
    83     0   114    95   102   100   108    85   114     0   102     0    85    91   115    84   105   108   105    84   105     0    98    88   103   118    84   103   104
    87   108    87   101    93    85    96    86    90   101    91    90    82   112   113   102    80    94    96   120    93    98     0   100    88   101    80    95    85
   117    98    98   119    85    97    90    95   104    84   117   108   104   102    95   105   114   116   105    92    81    88   100     0    95   107    92    94   119
    82     0   111     0    97   105   102    94   120   109    87   100    91   113   118     0    92    88   118   120   103   103    88    95     0     0    91   107   103
   103    80   120   103   107   117   108     0    88    98    86   118   115   111    98    93    91    80    99    91    83   118   101   107     0     0   109     0   109
    88   119   101   106     0    99    81     0    89     0   110    93   102   117     0    81    98   109    87   103    95    84    80    92    91   109     0     0    89
    90   106    99    84    91   112    97     0   104   108   119    99   110    93     0   101   109    90   103    98    98   103    95    94   107     0     0     0    84
    90    87   108    82   100    89   101   118   114   106    98   116    91   106   107     0    81   100    95    82    91   104    85   119   103   109    89    84     0
