28
     0   101    89   115     0    92   104   114   106   110    84    91    93   113    89    87     0     0    99    80   119    90   101    92   110     0   101   101
   101     0     0   114    87    93     0     0     0    85     0   108   117     0     0   103     0    91    97   114    85   111    98     0     0    80    97    87
    89     0     0    84   110   102     0   118    81   109    96    81     0   110   108   104    83    99     0    86   106    94     0    94     0    80   101    83
   115   114    84     0   117     0    85    94    96     0   120   101     0     0     0     0    86    99     0   101   105     0   106   106    95     0     0    89
     0    87   110   117     0   103     0     0    96     0   120     0    80    99   109     0     0   110     0    82   113    88     0    90     0     0   100   105
    92    93   102     0   103     0   106   101    85   110    99    91    83   115     0     0     0    90   105     0    81   109    87   108     0     0    96   113
   104     0     0    85     0   106     0     0    84     0     0     0     0   105     0    97     0     0   102   104    99     0     0    80     0     0     0    95
   114     0   118    94     0   101     0     0    88     0    84    89     0     0     0    99    95   109    83    80    91    88     0   112   111   101   116   105
   106     0    81    96    96    85    84    88     0   111     0     0   102     0     0   108     0     0   101   111    96   119   106     0   100   105    82    84
   110    85   109     0     0   110     0     0   111     0    91   104     0    84   106   114    91     0     0   117    94   108     0   105    97   108   117   108
    84     0    96   120   120    99     0    84     0    91     0   102   107    90     0     0    97    93    83     0    80    81     0   104   113     0     0    99
    91   108    81   101     0    91     0    89     0   104   102     0     0   105     0    98    80    89     0   103    84   100    86    89    87     0   120   102
    93   117     0     0    80    83     0     0   102     0   107     0     0     0    83     0    94    89   111   113   119   107   102     0   100    95   113   117
   113     0   110     0    99   115   105     0     0    84    90   105     0     0     0   108   116   119   111   101   112     0    89    85     0    91    90    97
    89     0   108     0   109     0     0     0     0   106     0     0    83     0     0   114     0    94     0   117   120   105    86     0    81     0     0    86
    87   103   104     0     0     0    97    99   108   114     0    98     0   108   114     0     0    89    95    95   120    89    94     0     0   108   114   116
     0     0    83    86     0     0     0    95     0    91    97    80    94   116     0     0     0    84   108   115     0   115   105   113   105    85     0   106
     0    91    99    99   110    90     0   109     0     0    93    89    89   119    94    89    84     0   117    93   118    86   112   111     0     0   102   108
    99    97     0     0     0   105   102    83   101     0    83     0   111   111     0    95   108   117     0   113    89   116   114     0     0    97    85    90
    80   114    86   101    82     0   104    80   111   117     0   103   113   101   117    95   115    93   113     0   115    86    99     0    90   115    94    85
   119    85   106   105   113    81    99    91    96    94    80    84   119   112   120   120     0   118    89   115     0    80    81   120     0   115   106   115
    90   111    94     0    88   109     0    88   119   108    81   100   107     0   105    89   115    86   116    86    80     0   100   114   100    96     0    88
   101    98     0   106     0    87     0     0   106     0     0    86   102    89    86    94   105   112   114    99    81   100     0     0    99     0   104     0
    92     0    94   106    90   108    80   112     0   105   104    89     0    85     0     0   113   111     0     0   120   114     0     0     0   120    92    87
   110     0     0    95     0     0     0   111   100    97   113    87   100     0    81     0   105     0     0    90     0   100    99     0     0   109    84     0
     0    80    80     0     0     0     0   101   105   108     0     0    95    91     0   108    85     0    97   115   115    96     0   120   109     0    96   105
   101    97   101     0   100    96     0   116    82   117     0   120   113    90     0   114     0   102    85    94   106     0   104    92    84    96     0   118
   101    87    83    89   105   113    95   105    84   108    99   102   117    97    86   116   106   108    90    85   115    88     0    87     0   105   118     0
