30
     0    99   107    86     0   112    92   103   111    99   111   115    85    96    91     0    91     0    87     0    94   103   118   108     0     0     0    86    83    83
    99     0    90    89    92    95     0     0     0   103    88   106    90     0     0    84    86   119    93   118    90   118     0   110   111   109   106   118    84   117
   107    90     0    88    93    92   114    90   120   120    95    85    91   105    97   108    87   105    93    99   112   101    97    86    98   110    83    87   100   114
    86    89    88     0   115    98    80   111   108    93    83   103   104    84   103   119    89   116   105   109   104   115    95   119    93    88   100   113    94   118
     0    92    93   115     0   102    98    87    83    93    81   103    93   115    93     0   107   118   116    90     0    83   100     0     0     0    90    95    96   118
   112    95    92    98   102     0     0    83   120   112    98   118    86   107    99   119    82    97   102   102   106   108   116   109    90    88     0   105   103   115
    92     0   114    80    98     0     0     0   104   101    86   108    80     0    99    82     0    96     0    96    87    97    89     0   105    97    95    93     0   116
   103     0    90   111    87    83     0     0    96    96    94   118   118    81   105   113   113   118    83    97   102     0   120    81     0     0    82    86   111    85
   111     0   120   108    83   120   104    96     0   107   115     0   101    82    81    80    91   106    99   108    81    94    83    99   111    81    96   114   108    91
    99   103   120    93    93   112   101    96   107     0   106   105    96    83    89    95    86    91   103   117    96    89   111   120    93   112     0    81   106    99
   111    88    95    83    81    98    86    94   115   106     0   100    96   102   116    99    80   108   102    99   102    90   112    87   117    87    92    85   104   100
   115   106    85   103   103   118   108   118     0   105   100     0    99    87     0     0    96     0   117     0    98    88   118   114    81     0     0   119    99   103
    85    90    91   104    93    86    80   118   101    96    96    99     0   100   115    86    96    96    87    85   118   108   107    89    99   117    86   106    88    93
    96     0   105    84   115   107     0    81    82    83   102    87   100     0    91   109   114    98    86   111   119    97   110   112   100   109    90    82    90     0
    91     0    97   103    93    99    99   105    81    89   116     0   115    91     0    87    89   108     0   103    98   114   102     0    85   100     0     0     0   112
     0    84   108   119     0   119    82   113    80    95    99     0    86   109    87     0   106    96   120    93     0   107    94     0   104    97    88    82   105     0
    91    86    87    89   107    82     0   113    91    86    80    96    96   114    89   106     0    80    80    81   110   114   104   100    85   108   111    92   119    98
     0   119   105   116   118    97    96   118   106    91   108     0    96    98   108    96    80     0   117    96    91    99     0   103   114    90    88     0     0    89
    87    93    93   105   116   102     0    83    99   103   102   117    87    86     0   120    80   117     0    91     0   101   118   105    85    94   115    89   120   115
     0   118    99   109    90   102    96    97   108   117    99     0    85   111   103    93    81    96    91     0    91    82   107     0    84   106     0    88     0    89
    94    90   112   104     0   106    87   102    81    96   102    98   118   119    98     0   110    91     0    91     0    94    80   104    94     0    99   100   111   112
   103   118   101   115    83   108    97     0    94    89    90    88   108    97   114   107   114    99   101    82    94     0     0    80    95   107    90   104   119   103
   118     0    97    95   100   116    89   120    83   111   112   118   107   110   102    94   104     0   118   107    80     0     0    84   116    88    91    92    82   100
   108   110    86   119     0   109     0    81    99   120    87   114    89   112     0     0   100   103   105     0   104    80    84     0    93   120   113     0    95   106
     0   111    98    93     0    90   105     0   111    93   117    81    99   100    85   104    85   114    85    84    94    95   116    93     0   117    83   116     0    88
     0   109   110    88     0    88    97     0    81   112    87     0   117   109   100    97   108    90    94   106     0   107    88   120   117     0    99     0   117   112
     0   106    83   100    90     0    95    82    96     0    92     0    86    90     0    88   111    88   115     0    99    90    91   113    83    99     0   113     0     0
    86   118    87   113    95   105    93    86   114    81    85   119   106    82     0    82    92     0    89    88   100   104    92     0   116     0   113     0    97    93
    83    84   100    94    96   103     0   111   108   106   104    99    88    90     0   105   119     0   120     0   111   119    82    95     0   117     0    97     0   105
    83   117   114   118   118   115   116    85    91    99   100   103    93     0   112     0    98    89   115    89   112   103   100   106    88   112     0    93   105     0
