23
     0    87    85   110    99   120   105   114    89   101   100   102    81    84     0   109    89   113   110   108   104    89    92
    87     0   115   106   107   105    86   115    97    86    95   115    94   100   106   115   101    90   108   111   113    88    92
    85   115     0   116    94    80     0    85    86   113   113   111    81    84     0   107   109     0   112    93   116   108   111
   110   106   116     0     0    81    82     0   107    97   104    95    91    84   105   120   117   100    89     0    90    95   103
    99   107    94     0     0    91     0   100   111     0    85    94   103    88     0     0    99    90   117    92   103   114   120
   120   105    80    81    91     0    95   116    83    84    94   107    99   106   111    85   107   110   105   118   120    82   100
   105    86     0    82     0    95     0    92   104    92    97   119   116   105    99    87   104   111   112    97   112    87    94
   114   115    85     0   100   116    92     0     0   115    93     0   109   101   112     0    96    93   117    82    82   104   120
    89    97    86   107   111    83   104     0     0    82   106   101    96     0    91   113   114    91   110   100   110   117    83
   101    86   113    97     0    84    92   115    82     0   100     0   109   101    93   118   115    87    90   105   110    83    80
   100    95   113   104    85    94    97    93   106   100     0    83     0   120     0    82    87   103    83    91    90   106   108
   102   115   111    95    94   107   119     0   101     0    83     0   102    99     0   101   115    90    82   105    87    86    86
    81    94    81    91   103    99   116   109    96   109     0   102     0     0   118   107   100   117   103   107    88    88    97
    84   100    84    84    88   106   105   101     0   101   120    99     0     0    91    88   102    92    93   109   116    98     0
     0   106     0   105     0   111    99   112    91    93     0     0   118    91     0    82    87    84   110   111   105    92   106
   109   115   107   120     0    85    87     0   113   118    82   101   107    88    82     0   115    94    90    81   100    98     0
    89   101   109   117    99   107   104    96   114   115    87   115   100   102    87   115     0    80    88   118   117   114   105
   113    90     0   100    90   110   111    93    91    87   103    90   117    92    84    94    80     0    84    83    83    95    91
   110   108   112    89   117   105   112   117   110    90    83    82   103    93   110    90    88    84     0   105   110   106    95
   108   111    93     0    92   118    97    82   100   105    91   105   107   109   111    81   118    83   105     0   105    84    97
   104   113   116    90   103   120   112    82   110   110    90    87    88   116   105   100   117    83   110   105     0   114    88
    89    88   108    95   114    82    87   104   117    83   106    86    88    98    92    98   114    95   106    84   114     0     0
    92    92   111   103   120   100    94   120    83    80   108    86    97     0   106     0   105    91    95    97    88     0     0
