26
     0   101    93   120    89    84   113    93    82    90   104    97    94    92    99   104    83    80    99    88   105   107   112   120   107   113
   101     0   100   113   101    92   117    80   115    92    81    86    98   116   101   100    88    85   118   102    99    98    87   102   100   106
    93   100     0   110    84    93   104    85    81    96   107   114   119   119   113    81   116    86    84    81   104    80   102    86    88   109
   120   113   110     0    85   112    87   105   119   111    87   107   101    91   120    86    99    80   104    85   116   104    86   110   105    83
    89   101    84    85     0   116   112    84   102   112   108   110    81    97   117   113   106   101   113    97   108    99   120    81   100    85
    84    92    93   112   116     0   102   102   109   107    98    92   115    89   120   120    87   113    85   109   104   114   100   107    92    96
   113   117   104    87   112   102     0    99   118   119    93    96   107   113    95   110    92   100    91   115    88   120    94   103   117   103
    93    80    85   105    84   102    99     0   104   116   112    96    81   102    81   115    81   108    88    99    88    85    98   101   102    86
    82   115    81   119   102   109   118   104     0    95   119   116   110    99    86   106   109    87    81    91    83   106   117   120    98    92
    90    92    96   111   112   107   119   116    95     0    80   120    95   117    81    82    84   102    92    91   120   114   115    87    90   114
   104    81   107    87   108    98    93   112   119    80     0    82   120    94    90   105    82    98   108    96   101    94    92   100   112   107
    97    86   114   107   110    92    96    96   116   120    82     0   102   111    81    98   114    86   104    98    98   118    99    93   112   107
    94    98   119   101    81   115   107    81   110    95   120   102     0   104   107   111   105    80    81    92    85   101   120   101    81    93
    92   116   119    91    97    89   113   102    99   117    94   111   104     0   115   104    84   101    87   118   105   108   113   113    91    90
    99   101   113   120   117   120    95    81    86    81    90    81   107   115     0    90    90   110   104    82    98    89   111    88   114   114
   104   100    81    86   113   120   110   115   106    82   105    98   111   104    90     0    89    85   119   112    85    99   116   100    95    99
    83    88   116    99   106    87    92    81   109    84    82   114   105    84    90    89     0   105   117   108   104   103    95    98    95   107
    80    85    86    80   101   113   100   108    87   102    98    86    80   101   110    85   105     0   111   107   117   100    92    80   120   101
    99   118    84   104   113    85    91    88    81    92   108   104    81    87   104   119   117   111     0   114    87    95   107    99   102   107
    88   102    81    85    97   109   115    99    91    91    96    98    92   118    82   112   108   107   114     0    90   109    85    85    89   102
   105    99   104   116   108   104    88    88    83   120   101    98    85   105    98    85   104   117    87    90     0   106   116    98    94    99
   107    98    80   104    99   114   120    85   106   114    94   118   101   108    89    99   103   100    95   109   106     0    82   109   119    99
   112    87   102    86   120   100    94    98   117   115    92    99   120   113   111   116    95    92   107    85   116    82     0    97   109    86
   120   102    86   110    81   107   103   101   120    87   100    93   101   113    88   100    98    80    99    85    98   109    97     0    96    90
   107   100    88   105   100    92   117   102    98    90   112   112    81    91   114    95    95   120   102    89    94   119   109    96     0    98
   113   106   109    83    85    96   103    86    92   114   107   107    93    90   114    99   107   101   107   102    99    99    86    90    98     0
