uf75-01 3077 -1 2 3 4 5 6 -7 -8 9 10 -11 -12 -13 -14 15 -16 17 -18 -19 -20 -21 -22 -23 -24 -25 26 27 -28 29 -30 31 -32 33 34 35 36 -37 38 39 -40 -41 42 43 -44 -45 46 47 -48 49 -50 -51 -52 -53 -54 -55 56 57 -58 59 60 61 62 -63 64 65 -66 -67 68 69 70 -71 72 73 -74 -75 0
uf75-010 5032 1 -2 -3 4 5 6 -7 8 9 -10 -11 12 13 -14 -15 -16 17 -18 19 -20 -21 22 23 -24 25 26 27 28 29 -30 -31 32 33 34 -35 36 -37 -38 39 40 41 42 -43 44 -45 -46 47 -48 -49 -50 -51 52 -53 54 -55 -56 57 58 59 60 -61 -62 -63 64 -65 66 -67 -68 -69 70 71 72 -73 -74 -75 0
uf75-0100 2191 1 2 3 -4 -5 6 -7 8 -9 10 11 -12 -13 14 -15 16 17 -18 -19 -20 -21 22 23 -24 25 26 27 28 29 30 31 -32 -33 34 -35 -36 37 -38 39 -40 41 42 43 -44 45 46 -47 48 49 50 51 -52 53 54 -55 56 -57 -58 59 60 61 62 63 -64 65 66 67 -68 -69 70 71 72 -73 -74 -75 0
uf75-011 2254 1 2 3 4 -5 -6 7 -8 -9 10 11 -12 -13 -14 15 -16 -17 -18 19 20 21 -22 23 24 -25 26 -27 -28 29 -30 -31 -32 -33 34 35 -36 -37 -38 -39 40 41 42 -43 44 45 46 -47 48 -49 50 51 52 53 54 55 56 57 -58 59 60 61 -62 63 64 65 66 -67 68 69 70 -71 -72 -73 -74 -75 0
uf75-012 886 -1 -2 3 -4 -5 6 7 8 9 10 -11 -12 13 -14 -15 16 -17 -18 19 20 -21 22 23 -24 25 -26 -27 28 29 30 31 32 -33 34 35 36 37 38 -39 -40 -41 42 43 44 45 46 -47 -48 -49 50 -51 52 -53 54 -55 -56 -57 58 59 -60 -61 62 63 64 65 -66 -67 -68 -69 -70 71 72 73 -74 75 0
uf75-013 4190 -1 2 3 4 5 6 -7 -8 -9 10 11 -12 13 -14 15 16 17 -18 -19 20 21 22 -23 -24 25 26 27 28 29 -30 31 32 33 34 -35 36 37 38 39 -40 -41 42 43 -44 -45 -46 47 48 -49 50 51 52 53 -54 55 -56 -57 58 -59 60 61 62 -63 -64 -65 66 67 68 69 -70 71 72 73 -74 -75 0
uf75-014 2451 -1 -2 3 -4 -5 6 -7 -8 -9 10 -11 12 13 -14 -15 -16 17 18 19 20 21 22 23 24 -25 26 27 28 29 30 -31 -32 -33 34 35 36 37 38 -39 -40 41 42 -43 -44 45 46 -47 48 -49 50 -51 -52 53 54 -55 56 57 58 -59 60 -61 62 -63 64 -65 -66 -67 68 -69 70 71 -72 -73 -74 75 0
uf75-015 1284 -1 2 3 4 -5 -6 -7 -8 -9 -10 -11 -12 13 14 -15 -16 -17 -18 -19 -20 -21 22 23 24 25 26 -27 28 -29 -30 31 32 33 34 35 36 -37 38 39 -40 -41 42 43 44 45 -46 -47 48 -49 -50 51 -52 53 -54 -55 56 57 -58 59 60 -61 -62 63 64 -65 -66 -67 -68 69 70 71 72 -73 74 75 0
uf75-016 1189 -1 -2 3 4 5 6 7 -8 9 10 -11 12 13 14 -15 16 -17 18 -19 20 -21 22 -23 -24 25 26 -27 -28 -29 -30 31 -32 -33 34 35 36 37 38 -39 -40 -41 -42 -43 44 -45 46 -47 48 49 -50 -51 -52 53 -54 -55 56 -57 -58 59 60 61 62 -63 64 65 -66 -67 68 -69 70 71 72 73 -74 75 0
uf75-017 2442 1 -2 3 4 -5 6 -7 -8 -9 -10 -11 -12 -13 -14 15 -16 -17 18 -19 -20 21 -22 -23 -24 25 26 -27 -28 29 -30 31 -32 33 34 -35 -36 -37 -38 -39 -40 -41 42 43 44 -45 46 -47 48 49 50 -51 52 -53 54 55 -56 57 -58 59 -60 -61 -62 63 -64 65 66 67 -68 69 70 -71 72 73 -74 -75 0
uf75-018 3924 -1 2 3 4 5 6 -7 8 9 -10 -11 -12 -13 14 15 -16 -17 -18 -19 -20 -21 -22 -23 24 -25 26 27 28 -29 -30 -31 32 -33 34 35 36 37 -38 39 -40 -41 42 43 -44 45 -46 -47 48 49 50 51 -52 53 54 55 -56 57 58 -59 60 -61 62 63 64 65 -66 -67 -68 -69 70 -71 72 -73 -74 75 0
uf75-019 690 -1 2 3 4 -5 6 -7 -8 9 -10 11 -12 13 -14 15 16 -17 18 -19 20 21 22 23 -24 -25 26 27 28 29 30 31 32 33 34 35 -36 37 -38 39 -40 -41 -42 43 -44 -45 -46 47 48 49 50 51 -52 -53 54 55 -56 -57 -58 -59 -60 61 -62 -63 -64 -65 -66 67 -68 -69 70 -71 -72 73 74 75 0
uf75-02 3586 -1 2 3 -4 5 -6 7 -8 -9 10 11 12 13 -14 15 -16 -17 18 -19 20 21 22 23 24 25 -26 27 28 -29 30 31 -32 33 34 -35 36 37 38 -39 40 -41 42 -43 44 -45 -46 47 48 -49 50 -51 52 53 54 -55 -56 -57 58 59 60 61 62 63 64 65 66 67 68 69 -70 -71 72 -73 74 75 0
uf75-020 1675 1 -2 3 4 -5 6 7 8 9 10 11 12 13 14 -15 16 17 18 -19 -20 21 -22 23 24 -25 26 -27 28 29 -30 31 32 33 34 35 36 37 38 -39 40 41 42 -43 -44 -45 46 47 -48 -49 -50 51 -52 53 54 55 56 -57 58 -59 -60 -61 62 63 64 65 -66 -67 68 69 70 71 72 73 -74 75 0
uf75-021 3684 1 2 3 -4 -5 -6 -7 -8 9 10 11 12 13 14 15 -16 17 18 19 20 21 -22 23 24 25 26 27 -28 29 30 31 32 -33 34 -35 36 37 -38 39 40 41 42 43 44 45 -46 47 48 -49 50 -51 52 53 -54 55 56 57 -58 -59 -60 61 -62 -63 64 65 66 -67 68 69 -70 71 72 -73 74 75 0
uf75-022 3637 1 2 -3 4 5 -6 7 8 9 -10 11 12 13 -14 -15 16 17 18 -19 20 21 -22 23 24 -25 26 -27 -28 29 30 -31 -32 -33 34 35 -36 37 -38 -39 -40 -41 42 43 44 45 -46 47 -48 49 -50 51 52 53 54 55 56 -57 58 59 60 61 -62 -63 -64 65 -66 -67 68 -69 70 -71 72 73 74 -75 0
uf75-023 2154 -1 2 3 -4 -5 6 7 8 -9 -10 11 -12 -13 -14 15 -16 -17 -18 19 20 21 -22 -23 -24 25 -26 -27 28 -29 -30 31 32 33 34 -35 36 37 38 -39 -40 41 -42 43 -44 -45 46 47 48 -49 50 51 52 53 54 55 -56 57 -58 -59 -60 -61 -62 63 64 65 -66 -67 -68 -69 70 71 72 -73 -74 75 0
uf75-024 2527 1 -2 -3 4 -5 -6 7 -8 -9 -10 11 -12 -13 -14 -15 16 17 -18 19 -20 21 22 -23 -24 25 -26 27 -28 29 30 31 -32 -33 34 -35 -36 37 -38 -39 40 41 42 -43 -44 45 -46 47 -48 49 -50 -51 52 53 54 55 56 57 58 59 -60 61 -62 -63 -64 -65 66 -67 68 -69 -70 71 -72 -73 -74 75 0
uf75-025 4429 1 2 3 4 5 -6 7 -8 -9 10 11 12 13 14 -15 -16 -17 18 19 -20 -21 22 23 24 25 -26 27 28 29 30 31 32 33 34 -35 -36 37 38 39 40 41 -42 43 44 -45 46 47 48 49 50 51 -52 53 54 55 56 -57 58 59 -60 61 -62 63 -64 65 66 67 68 69 70 -71 72 -73 -74 75 0
uf75-026 3450 -1 -2 3 -4 -5 -6 -7 -8 9 -10 -11 -12 13 -14 -15 -16 -17 18 19 -20 21 -22 -23 -24 25 -26 -27 -28 -29 30 -31 -32 33 34 35 36 37 -38 -39 -40 41 -42 43 -44 45 -46 47 -48 49 -50 51 52 -53 54 55 56 -57 -58 59 -60 61 62 -63 64 -65 66 -67 68 -69 70 -71 72 73 -74 -75 0
uf75-027 2959 1 2 3 4 -5 -6 -7 8 -9 10 11 -12 -13 -14 15 16 17 18 -19 20 -21 -22 23 24 -25 -26 -27 28 -29 -30 -31 32 -33 34 -35 -36 -37 -38 -39 40 41 42 -43 44 45 46 -47 -48 49 -50 -51 52 53 -54 -55 56 57 -58 59 -60 -61 62 63 -64 65 -66 67 -68 -69 70 71 72 73 -74 -75 0
uf75-028 1391 -1 -2 -3 4 -5 6 -7 8 -9 -10 11 12 -13 -14 15 -16 -17 -18 19 20 -21 -22 -23 -24 25 26 -27 28 29 30 -31 32 -33 34 -35 36 -37 -38 39 40 41 -42 43 44 45 -46 47 -48 -49 50 51 -52 53 54 55 56 -57 -58 59 -60 61 62 63 -64 65 66 -67 -68 69 -70 71 -72 73 -74 75 0
uf75-029 2453 -1 -2 -3 -4 -5 -6 7 -8 9 -10 11 12 -13 -14 15 -16 17 -18 19 20 -21 22 -23 -24 -25 -26 -27 28 -29 30 -31 -32 -33 -34 -35 -36 37 38 39 -40 41 42 -43 -44 -45 46 47 48 -49 -50 51 52 -53 -54 -55 56 -57 58 59 -60 -61 62 63 -64 -65 -66 67 -68 69 70 71 -72 73 -74 -75 0
uf75-03 297 -1 -2 -3 -4 -5 6 -7 -8 -9 10 -11 -12 13 14 -15 -16 -17 -18 19 20 21 22 23 -24 -25 -26 27 -28 29 -30 31 -32 33 34 -35 36 37 38 39 40 -41 42 43 -44 -45 -46 -47 48 49 -50 51 -52 53 -54 -55 56 57 58 59 60 61 -62 63 -64 65 -66 67 68 69 -70 71 -72 -73 -74 -75 0
uf75-030 1939 -1 2 -3 4 -5 -6 -7 -8 -9 -10 -11 12 13 -14 -15 16 -17 -18 19 -20 21 -22 -23 -24 25 -26 27 28 -29 30 31 32 -33 -34 35 36 -37 -38 -39 -40 -41 -42 43 -44 -45 -46 47 -48 -49 50 -51 52 -53 -54 55 56 -57 58 59 60 -61 -62 -63 -64 65 66 -67 -68 69 70 -71 -72 -73 -74 -75 0
uf75-031 2396 1 2 3 4 5 -6 7 8 9 10 11 12 13 -14 -15 -16 17 -18 -19 -20 -21 22 -23 24 25 -26 -27 -28 29 -30 31 32 -33 34 35 36 37 38 -39 -40 41 42 43 -44 45 46 47 -48 49 -50 -51 -52 53 54 55 -56 -57 58 -59 60 61 62 -63 64 -65 66 -67 68 -69 -70 71 72 73 74 -75 0
uf75-032 1770 -1 2 -3 -4 -5 6 -7 8 9 10 -11 12 13 14 -15 -16 17 -18 19 20 -21 -22 23 24 25 -26 27 28 -29 -30 31 32 33 34 35 -36 37 38 -39 -40 -41 42 -43 -44 -45 46 -47 48 -49 50 -51 52 53 54 -55 56 57 -58 59 60 -61 -62 63 64 65 -66 67 -68 -69 70 71 72 73 -74 -75 0
uf75-033 4747 1 -2 3 -4 -5 -6 -7 -8 -9 10 11 -12 -13 -14 15 16 -17 -18 19 20 -21 -22 -23 -24 -25 -26 27 -28 29 30 31 -32 33 -34 35 36 37 38 39 -40 41 42 -43 -44 -45 46 -47 48 49 -50 51 52 53 -54 -55 -56 -57 -58 59 60 -61 -62 63 64 -65 66 67 -68 -69 70 71 -72 -73 74 75 0
uf75-034 3537 -1 -2 -3 -4 5 -6 -7 8 -9 10 -11 12 13 14 -15 -16 -17 18 -19 20 -21 22 -23 -24 25 26 27 28 -29 30 31 32 -33 34 -35 36 37 38 39 40 41 -42 43 44 45 -46 -47 -48 -49 -50 51 52 -53 -54 55 -56 -57 58 59 -60 61 -62 63 64 65 -66 -67 -68 -69 70 71 -72 73 -74 75 0
uf75-035 4777 -1 -2 3 4 -5 -6 7 8 -9 -10 -11 12 -13 14 15 16 17 -18 -19 -20 -21 22 -23 24 25 26 27 28 -29 30 31 32 33 -34 35 36 37 38 39 40 41 -42 -43 44 45 46 -47 -48 49 50 -51 -52 -53 -54 -55 -56 -57 58 59 60 61 62 -63 -64 65 -66 67 -68 69 70 -71 72 -73 74 -75 0
uf75-036 1410 1 -2 3 -4 -5 6 7 -8 9 10 11 12 13 14 15 16 17 -18 -19 20 -21 -22 23 24 25 -26 -27 28 -29 -30 31 32 33 34 35 36 -37 38 -39 40 -41 42 -43 -44 45 46 -47 48 -49 -50 -51 -52 53 54 -55 -56 -57 58 -59 60 61 62 63 64 65 66 67 -68 69 70 71 -72 -73 74 -75 0
uf75-037 1342 -1 2 -3 -4 5 -6 -7 -8 -9 10 -11 -12 -13 14 15 -16 17 -18 -19 20 21 22 23 24 25 26 27 28 -29 -30 31 32 -33 34 35 36 -37 -38 39 40 41 42 -43 -44 45 46 47 48 49 50 51 52 -53 54 55 56 57 58 59 -60 -61 -62 63 64 -65 66 -67 68 -69 -70 71 72 -73 -74 -75 0
uf75-038 1080 -1 2 3 4 5 -6 -7 8 -9 10 -11 -12 13 14 -15 16 -17 -18 -19 20 -21 22 23 24 25 26 27 28 29 -30 31 32 -33 34 35 -36 -37 -38 -39 -40 41 -42 43 44 45 46 47 -48 -49 -50 -51 52 -53 -54 -55 56 -57 -58 -59 60 61 62 63 64 65 66 67 -68 -69 70 71 -72 73 -74 -75 0
uf75-039 2521 1 -2 3 -4 -5 -6 -7 8 -9 -10 11 -12 13 14 15 -16 17 -18 19 20 -21 -22 23 24 25 26 -27 28 29 30 31 32 -33 34 -35 36 37 38 39 -40 41 42 43 44 -45 -46 -47 48 -49 -50 -51 52 53 -54 -55 56 57 58 59 -60 61 -62 63 64 65 66 -67 -68 -69 70 71 72 -73 74 -75 0
uf75-04 1019 -1 2 -3 -4 -5 6 -7 8 -9 10 11 -12 13 -14 15 16 -17 -18 19 20 -21 22 23 24 25 26 27 28 29 -30 31 32 33 -34 -35 -36 37 -38 39 40 41 -42 43 -44 45 46 -47 -48 -49 -50 51 -52 53 -54 -55 56 57 -58 59 -60 61 62 63 64 65 -66 67 68 69 -70 71 -72 73 -74 75 0
uf75-040 1170 -1 2 -3 4 5 -6 7 8 9 -10 11 12 13 14 15 16 17 18 -19 20 21 22 23 -24 -25 -26 -27 -28 -29 30 31 -32 33 -34 -35 -36 37 -38 -39 40 -41 42 43 -44 45 -46 47 -48 -49 -50 51 52 -53 54 -55 56 57 -58 -59 -60 61 -62 63 -64 -65 66 -67 -68 69 -70 71 72 73 -74 -75 0
uf75-041 820 1 -2 3 -4 5 6 -7 -8 -9 -10 11 12 13 -14 -15 16 -17 18 19 -20 -21 -22 -23 24 25 26 -27 -28 29 30 31 -32 -33 34 35 36 37 -38 -39 40 -41 42 -43 44 -45 -46 47 48 -49 -50 -51 52 -53 54 55 56 -57 58 59 60 -61 62 -63 -64 -65 66 -67 68 -69 70 -71 72 73 74 75 0
uf75-042 3407 -1 -2 -3 -4 -5 6 7 8 9 -10 11 12 -13 14 15 -16 -17 -18 19 -20 -21 22 23 -24 -25 26 -27 28 -29 30 -31 -32 33 34 -35 -36 37 -38 -39 40 41 -42 43 -44 45 46 47 48 49 50 51 -52 53 -54 55 56 57 58 59 -60 -61 62 63 64 65 -66 67 68 -69 70 71 72 73 74 -75 0
uf75-043 5050 1 2 3 -4 5 6 7 -8 -9 10 -11 12 -13 14 -15 16 17 18 19 20 -21 22 -23 24 25 -26 -27 28 29 30 31 32 33 34 -35 -36 37 38 -39 40 41 42 43 -44 45 46 47 48 -49 50 51 52 53 -54 55 -56 -57 58 -59 60 61 -62 63 -64 65 -66 -67 68 -69 70 71 72 -73 74 -75 0
uf75-044 1207 1 2 3 4 -5 -6 -7 -8 -9 -10 -11 12 -13 14 -15 -16 -17 18 -19 -20 -21 -22 23 -24 25 26 27 28 -29 -30 -31 -32 33 34 35 36 37 38 -39 40 41 42 -43 -44 45 -46 -47 -48 49 -50 51 52 53 54 55 -56 57 -58 -59 60 61 -62 -63 64 -65 66 67 68 -69 -70 -71 -72 73 74 75 0
uf75-045 1995 -1 -2 3 -4 5 -6 -7 -8 9 -10 -11 12 13 14 -15 16 17 -18 19 -20 -21 -22 23 -24 25 -26 27 28 -29 30 31 32 -33 34 35 -36 37 -38 39 40 -41 42 -43 44 -45 46 47 -48 49 -50 -51 52 -53 -54 55 56 57 58 59 -60 61 62 -63 64 65 -66 67 68 -69 -70 71 -72 73 74 -75 0
uf75-046 624 1 -2 3 4 -5 -6 7 -8 9 -10 -11 -12 -13 14 15 -16 -17 -18 -19 -20 21 22 23 24 25 -26 -27 28 -29 30 -31 -32 -33 34 35 36 37 38 39 -40 -41 -42 43 44 45 -46 47 -48 -49 -50 51 52 53 54 55 -56 -57 -58 59 60 61 62 -63 64 -65 -66 -67 -68 69 70 71 72 -73 74 -75 0
uf75-047 3077 -1 -2 -3 4 5 -6 7 -8 -9 -10 -11 -12 -13 -14 -15 -16 17 -18 19 -20 -21 -22 -23 -24 -25 26 27 28 -29 -30 -31 32 33 -34 35 36 37 -38 -39 -40 41 42 43 44 -45 46 -47 48 -49 -50 -51 -52 -53 -54 -55 56 57 58 -59 -60 -61 62 -63 64 65 -66 -67 68 69 70 -71 -72 73 -74 -75 0
uf75-048 3283 1 -2 3 4 5 -6 -7 8 -9 10 11 -12 13 14 -15 -16 17 -18 19 -20 21 -22 23 24 25 -26 27 -28 -29 30 31 -32 33 34 35 -36 37 38 -39 40 -41 42 43 -44 45 46 -47 48 49 50 -51 52 53 -54 55 -56 -57 58 -59 60 -61 -62 63 64 -65 -66 67 68 -69 -70 -71 72 -73 -74 75 0
uf75-049 6505 1 2 3 -4 -5 -6 -7 8 -9 -10 -11 12 13 -14 15 16 17 -18 -19 20 21 22 23 24 25 -26 27 28 29 -30 31 32 -33 34 35 36 -37 -38 39 40 41 42 43 -44 -45 -46 47 48 49 -50 51 -52 53 54 55 56 -57 58 -59 60 -61 -62 -63 64 -65 66 67 68 69 70 -71 -72 73 74 75 0
uf75-05 1950 -1 2 -3 -4 5 6 7 8 -9 10 11 -12 -13 14 -15 -16 17 18 -19 20 21 22 23 24 -25 -26 -27 -28 29 30 31 32 33 34 35 -36 -37 -38 39 40 -41 42 43 -44 -45 46 47 -48 49 -50 51 52 -53 -54 55 56 57 58 59 60 61 -62 -63 -64 -65 66 -67 -68 69 70 -71 -72 73 -74 75 0
uf75-050 4334 1 2 3 4 -5 -6 -7 -8 -9 10 11 12 -13 14 -15 16 17 -18 -19 20 -21 -22 23 -24 -25 -26 27 -28 29 -30 31 -32 33 -34 35 -36 37 38 39 40 -41 42 -43 -44 45 46 47 48 49 50 -51 -52 53 54 55 -56 57 58 -59 60 61 62 63 64 65 66 -67 -68 69 -70 71 72 -73 74 75 0
uf75-051 1017 -1 2 3 4 5 -6 7 8 9 -10 11 -12 13 -14 -15 -16 17 18 19 -20 21 -22 -23 24 -25 -26 -27 28 -29 30 31 -32 -33 34 -35 36 37 -38 -39 40 41 -42 43 -44 45 46 -47 48 49 50 51 52 -53 -54 55 56 -57 -58 -59 60 61 -62 63 64 -65 66 67 68 -69 70 -71 72 -73 74 -75 0
uf75-052 2675 -1 2 -3 4 5 6 7 -8 -9 10 -11 12 13 -14 -15 16 -17 18 -19 -20 21 22 -23 -24 -25 -26 27 -28 -29 30 31 32 33 34 -35 36 -37 38 -39 40 41 42 -43 -44 45 -46 -47 48 -49 -50 -51 -52 -53 54 55 -56 57 -58 -59 60 -61 62 63 -64 -65 -66 67 -68 69 70 71 -72 -73 74 75 0
uf75-053 2911 -1 -2 -3 -4 -5 6 7 -8 9 10 11 12 13 -14 15 16 -17 -18 19 -20 -21 22 23 24 -25 -26 27 28 -29 -30 31 -32 -33 34 35 36 -37 -38 -39 40 41 -42 43 -44 45 -46 47 -48 -49 50 -51 52 53 -54 -55 -56 57 58 59 -60 61 -62 -63 64 65 66 67 -68 69 70 71 72 73 -74 -75 0
uf75-054 3207 -1 -2 3 4 5 6 7 -8 -9 -10 -11 12 -13 -14 -15 -16 17 -18 19 20 21 -22 23 24 -25 26 27 -28 29 -30 31 -32 -33 34 35 -36 -37 -38 39 40 41 -42 43 -44 -45 -46 -47 48 49 -50 -51 52 53 -54 -55 56 -57 58 -59 -60 -61 -62 -63 -64 -65 -66 67 -68 69 70 71 -72 73 74 -75 0
uf75-055 1080 1 -2 -3 4 -5 -6 7 8 9 -10 11 -12 13 -14 15 16 17 18 19 -20 -21 -22 23 24 25 -26 -27 28 29 30 31 32 33 34 -35 -36 -37 38 39 40 41 -42 -43 -44 -45 -46 47 -48 -49 50 51 -52 -53 -54 55 -56 57 -58 59 60 -61 -62 -63 64 -65 66 -67 68 -69 70 71 72 73 -74 -75 0
uf75-056 4107 1 -2 3 4 -5 6 -7 -8 -9 10 11 12 13 14 15 -16 17 -18 19 20 21 22 -23 -24 25 26 -27 -28 -29 -30 -31 32 33 34 -35 -36 37 38 39 40 41 -42 43 44 -45 46 -47 48 49 -50 51 -52 53 -54 -55 56 -57 -58 -59 60 61 -62 -63 64 -65 -66 -67 -68 69 70 -71 72 73 -74 -75 0
uf75-057 1700 -1 2 3 4 -5 6 -7 -8 -9 10 -11 12 -13 -14 -15 16 17 -18 19 20 -21 -22 -23 24 25 -26 -27 28 -29 30 -31 -32 -33 -34 35 36 37 -38 -39 -40 41 42 -43 44 45 -46 47 -48 -49 50 -51 52 -53 -54 -55 56 -57 58 -59 60 61 62 63 -64 65 66 67 68 -69 70 -71 72 -73 -74 -75 0
uf75-058 3940 -1 2 3 -4 5 6 7 8 9 10 11 -12 13 -14 -15 -16 17 -18 19 20 21 22 23 24 25 -26 -27 -28 -29 30 31 32 33 -34 35 36 -37 38 39 40 41 42 43 -44 45 -46 -47 -48 -49 -50 51 52 53 -54 -55 56 57 58 59 60 -61 62 63 64 65 66 -67 68 -69 70 71 -72 -73 -74 75 0
uf75-059 4931 1 -2 3 4 5 6 7 -8 9 10 11 -12 13 14 15 16 17 -18 19 20 -21 22 -23 -24 25 26 27 -28 29 30 -31 -32 33 -34 35 36 -37 -38 39 40 41 42 -43 -44 45 -46 47 48 -49 50 51 -52 -53 54 55 -56 57 58 59 -60 61 62 63 64 65 -66 67 -68 69 70 -71 72 73 74 75 0
uf75-06 6908 1 -2 3 -4 5 6 -7 8 -9 -10 11 -12 13 -14 15 -16 17 18 19 -20 -21 22 -23 24 25 26 27 -28 -29 30 -31 32 33 -34 35 36 37 -38 39 -40 -41 42 -43 44 -45 -46 47 -48 -49 50 -51 52 53 -54 -55 56 -57 -58 59 60 61 62 -63 64 -65 -66 -67 -68 -69 70 71 -72 73 74 75 0
uf75-060 4550 -1 2 -3 4 5 -6 -7 8 9 -10 -11 12 13 -14 15 16 17 -18 19 20 -21 -22 -23 -24 -25 26 -27 -28 -29 -30 -31 -32 33 34 35 36 37 38 -39 40 -41 -42 -43 44 45 46 47 48 -49 -50 -51 52 -53 54 55 56 57 58 59 -60 61 62 -63 64 65 -66 -67 -68 69 70 -71 72 73 -74 -75 0
uf75-061 3540 1 2 3 -4 5 6 7 8 9 -10 -11 12 13 14 15 16 -17 18 -19 -20 21 -22 -23 24 25 -26 27 -28 -29 30 -31 -32 33 -34 -35 -36 -37 38 39 40 -41 42 43 44 -45 46 -47 48 49 50 -51 -52 53 -54 55 56 -57 58 -59 60 -61 -62 -63 64 -65 -66 67 -68 -69 70 71 72 73 -74 -75 0
uf75-062 1414 1 2 -3 -4 5 6 7 -8 9 -10 11 12 13 14 -15 16 -17 18 19 -20 -21 -22 23 -24 -25 -26 -27 -28 -29 -30 31 32 33 34 -35 36 37 -38 -39 -40 41 -42 -43 44 45 46 47 48 -49 -50 51 52 -53 -54 -55 -56 -57 -58 59 60 -61 62 -63 64 -65 66 67 -68 69 -70 71 72 73 74 75 0
uf75-063 4427 1 2 3 -4 -5 -6 -7 8 9 -10 -11 -12 -13 -14 15 -16 -17 18 -19 20 21 22 23 24 25 26 -27 -28 29 -30 31 -32 33 -34 -35 36 37 38 39 40 -41 42 -43 -44 45 -46 -47 48 49 50 51 -52 53 54 55 -56 -57 58 59 -60 61 62 63 64 65 -66 -67 -68 69 70 -71 72 -73 74 75 0
uf75-064 9430 -1 2 3 -4 5 6 7 8 9 -10 11 12 -13 -14 -15 -16 17 18 19 20 -21 -22 23 24 25 26 27 28 29 -30 -31 32 -33 34 -35 -36 37 38 39 -40 41 -42 43 -44 -45 46 47 -48 -49 -50 -51 52 53 -54 55 -56 -57 -58 -59 60 -61 -62 -63 -64 -65 66 -67 68 69 70 -71 -72 73 -74 -75 0
uf75-065 4059 -1 -2 3 4 -5 6 7 8 -9 -10 11 12 -13 -14 15 -16 -17 -18 19 20 -21 22 23 24 -25 26 27 28 -29 -30 31 -32 -33 -34 -35 -36 -37 -38 -39 -40 -41 -42 -43 -44 45 46 47 -48 -49 -50 -51 -52 53 54 55 -56 57 58 59 -60 61 62 -63 64 65 -66 -67 68 69 70 -71 -72 73 74 75 0
uf75-066 4984 1 2 3 4 -5 -6 7 8 -9 -10 11 12 13 -14 -15 16 17 -18 19 20 -21 -22 -23 24 25 -26 -27 28 29 -30 -31 -32 -33 34 -35 -36 -37 -38 39 40 41 -42 43 44 -45 46 47 48 49 50 51 -52 53 54 -55 -56 57 -58 59 60 61 -62 63 64 65 66 -67 68 -69 70 71 -72 73 74 75 0
uf75-067 2533 1 -2 -3 4 -5 6 -7 -8 -9 -10 11 12 -13 -14 15 16 -17 18 -19 -20 21 22 23 -24 25 -26 27 28 -29 30 -31 -32 -33 34 -35 36 -37 -38 -39 40 -41 -42 43 -44 -45 -46 47 -48 49 50 -51 -52 -53 54 -55 56 57 58 59 -60 61 -62 63 64 65 66 -67 68 -69 -70 71 -72 73 74 75 0
uf75-068 8263 1 2 3 4 -5 6 7 -8 9 -10 -11 -12 13 14 15 16 -17 -18 -19 -20 21 22 -23 24 25 26 -27 28 29 -30 31 32 33 34 35 36 -37 38 39 40 41 -42 43 44 -45 -46 -47 -48 49 -50 51 52 53 -54 -55 -56 -57 58 59 60 -61 62 -63 64 65 -66 67 68 69 70 71 -72 73 -74 -75 0
uf75-069 4389 -1 -2 -3 4 -5 -6 7 8 -9 10 -11 12 13 -14 -15 16 17 18 -19 -20 -21 22 -23 24 25 -26 27 -28 29 30 31 32 33 -34 35 36 37 38 39 -40 -41 -42 -43 -44 45 -46 -47 -48 -49 -50 -51 -52 53 -54 -55 -56 57 58 59 60 -61 62 63 -64 65 -66 67 -68 -69 -70 -71 -72 -73 74 -75 0
uf75-07 16294 1 2 3 -4 5 -6 7 -8 -9 10 -11 12 -13 -14 15 -16 17 -18 19 -20 21 -22 23 24 -25 26 27 28 29 30 31 -32 33 -34 35 -36 37 38 -39 40 41 42 43 44 45 46 47 48 49 50 -51 -52 53 -54 -55 56 -57 58 59 60 61 -62 63 64 65 66 -67 -68 69 70 71 72 73 74 75 0
uf75-070 4322 -1 -2 3 -4 5 6 7 8 9 10 11 -12 13 -14 15 16 17 18 -19 20 -21 22 23 24 25 26 27 28 29 -30 31 32 -33 34 -35 36 37 -38 39 -40 41 42 43 44 45 -46 -47 -48 49 -50 51 -52 53 -54 -55 56 57 58 59 -60 -61 62 63 -64 65 66 67 -68 -69 -70 71 -72 73 -74 -75 0
uf75-071 6559 -1 -2 -3 4 5 6 -7 8 9 -10 11 -12 -13 -14 -15 -16 17 -18 19 20 21 -22 23 24 25 26 -27 28 29 -30 -31 32 33 -34 -35 -36 37 -38 39 40 41 -42 43 44 45 -46 47 -48 -49 50 -51 52 53 -54 55 56 57 58 -59 60 -61 -62 63 64 65 66 67 -68 -69 70 -71 72 73 74 75 0
uf75-072 9796 -1 2 -3 -4 -5 -6 7 8 -9 10 11 -12 13 14 15 -16 -17 18 -19 20 21 22 -23 -24 -25 26 -27 28 -29 30 31 32 -33 -34 35 -36 -37 38 39 40 -41 -42 43 44 45 -46 47 -48 -49 50 -51 52 53 54 -55 56 -57 -58 -59 -60 61 62 63 -64 -65 -66 -67 68 -69 -70 71 -72 -73 74 75 0
uf75-073 14085 1 2 3 4 -5 6 7 8 -9 10 -11 12 13 14 -15 -16 -17 -18 -19 20 -21 -22 23 -24 -25 -26 27 28 -29 30 -31 32 33 -34 -35 36 37 38 39 40 -41 42 -43 44 45 46 -47 48 49 -50 -51 -52 53 54 55 -56 -57 58 59 60 61 62 63 64 65 -66 -67 68 69 -70 -71 -72 73 74 75 0
uf75-074 4522 -1 2 3 4 -5 -6 -7 -8 -9 10 -11 12 -13 -14 15 -16 -17 -18 -19 -20 -21 -22 23 24 25 26 -27 28 29 30 -31 -32 -33 -34 -35 36 -37 -38 -39 40 41 -42 43 -44 45 46 -47 -48 -49 -50 51 52 -53 -54 55 56 -57 -58 59 60 -61 62 -63 -64 -65 -66 67 68 -69 70 71 72 -73 -74 75 0
uf75-075 10691 -1 2 3 -4 -5 -6 7 8 -9 10 11 -12 13 14 -15 16 -17 -18 19 -20 21 22 -23 24 25 26 27 28 -29 30 -31 32 33 -34 35 -36 37 -38 -39 -40 41 -42 43 44 45 -46 47 -48 -49 50 -51 52 -53 54 55 56 57 58 -59 -60 -61 62 -63 64 -65 66 -67 68 69 70 71 -72 73 74 75 0
uf75-076 7493 -1 2 3 -4 -5 -6 -7 8 9 -10 11 -12 13 14 15 16 -17 18 -19 -20 -21 22 23 24 -25 26 27 28 -29 -30 31 -32 -33 -34 -35 36 -37 38 -39 40 41 42 -43 -44 -45 46 -47 -48 -49 -50 -51 -52 53 -54 55 -56 -57 58 -59 60 61 -62 -63 64 -65 66 67 -68 -69 70 71 -72 73 74 75 0
uf75-077 7408 -1 2 3 -4 5 -6 -7 8 -9 10 -11 12 13 14 -15 16 -17 18 -19 -20 21 22 23 24 -25 -26 27 28 29 -30 31 -32 33 34 35 -36 -37 38 -39 -40 41 -42 43 44 45 46 47 -48 49 50 -51 52 -53 -54 -55 56 -57 58 59 60 -61 62 63 -64 65 -66 67 68 -69 70 -71 -72 -73 -74 75 0
uf75-078 3380 -1 -2 3 -4 5 -6 -7 8 -9 10 -11 12 13 14 15 -16 17 -18 19 20 -21 22 23 24 25 -26 27 28 29 30 -31 -32 -33 -34 -35 -36 37 -38 39 40 -41 42 -43 44 -45 46 47 48 -49 50 -51 -52 53 54 55 56 57 58 -59 -60 -61 62 -63 64 -65 66 67 68 -69 70 71 -72 -73 74 75 0
uf75-079 5736 1 -2 -3 -4 -5 6 -7 8 -9 -10 -11 -12 13 14 15 16 17 18 -19 20 21 -22 -23 24 -25 -26 -27 -28 29 30 31 32 33 34 35 36 37 -38 39 40 -41 42 43 44 45 -46 47 -48 49 50 -51 52 53 54 -55 56 -57 58 -59 -60 -61 62 63 -64 65 66 -67 68 -69 -70 -71 -72 -73 -74 75 0
uf75-08 2747 1 2 3 4 5 -6 7 8 -9 10 -11 12 -13 14 15 -16 -17 18 19 -20 -21 -22 -23 -24 25 26 -27 -28 29 -30 -31 -32 -33 -34 35 -36 -37 38 39 -40 -41 42 43 44 45 -46 47 48 49 50 -51 -52 -53 -54 55 -56 57 58 59 -60 61 62 -63 64 65 -66 67 -68 -69 70 -71 -72 -73 74 75 0
uf75-080 5165 1 -2 -3 4 5 6 7 -8 9 10 11 12 13 -14 -15 -16 17 18 -19 20 21 22 23 -24 -25 -26 27 -28 -29 -30 31 32 33 34 -35 -36 -37 -38 -39 -40 -41 -42 43 44 -45 -46 47 48 -49 -50 -51 -52 53 -54 55 56 -57 -58 59 60 61 62 63 64 65 -66 -67 68 69 -70 71 72 73 -74 -75 0
uf75-081 2531 -1 2 -3 -4 5 -6 -7 8 9 -10 11 -12 -13 -14 15 16 17 -18 19 -20 21 -22 23 24 -25 26 -27 28 -29 30 -31 32 33 -34 -35 -36 37 38 -39 -40 -41 42 43 -44 -45 46 47 -48 -49 -50 51 52 53 -54 -55 56 57 58 -59 -60 -61 62 -63 64 -65 -66 67 68 69 -70 -71 -72 73 -74 75 0
uf75-082 4646 1 2 -3 4 -5 6 -7 -8 9 10 -11 12 13 -14 -15 16 -17 18 19 20 21 -22 23 -24 25 26 -27 -28 29 30 -31 -32 -33 34 35 -36 -37 38 -39 40 -41 -42 -43 44 45 46 47 48 49 50 -51 -52 -53 -54 55 -56 57 -58 59 -60 61 62 63 -64 65 -66 67 -68 69 -70 -71 72 -73 -74 75 0
uf75-083 3245 -1 -2 3 -4 5 -6 7 -8 -9 -10 11 -12 -13 14 15 -16 17 -18 19 20 21 22 -23 24 25 -26 -27 28 29 -30 31 -32 33 -34 -35 36 37 -38 39 40 41 42 43 -44 45 46 47 -48 49 -50 51 52 -53 54 55 -56 -57 -58 -59 60 -61 -62 63 64 65 66 -67 -68 69 -70 71 72 -73 -74 -75 0
uf75-084 2156 -1 2 -3 -4 -5 -6 -7 8 -9 -10 11 12 13 14 -15 16 17 -18 -19 20 -21 22 23 24 -25 26 27 -28 29 -30 31 -32 33 34 35 36 37 38 39 40 -41 -42 -43 44 -45 46 -47 -48 49 50 -51 -52 53 54 55 56 57 58 59 -60 -61 -62 63 64 65 -66 -67 -68 69 70 71 72 73 -74 -75 0
uf75-085 5217 -1 2 -3 -4 5 6 7 8 -9 -10 11 12 13 -14 15 16 17 -18 19 20 21 -22 23 -24 25 26 -27 28 29 30 31 -32 -33 -34 -35 -36 37 38 -39 -40 41 42 43 -44 -45 -46 -47 48 -49 -50 51 -52 -53 54 -55 56 -57 58 59 60 61 62 -63 64 -65 66 -67 68 -69 -70 -71 -72 -73 -74 -75 0
uf75-086 1871 -1 2 -3 4 5 -6 7 -8 9 10 11 12 13 -14 -15 16 17 18 19 20 -21 -22 -23 24 25 -26 -27 -28 29 -30 -31 32 33 34 -35 36 37 -38 -39 40 41 42 -43 44 45 -46 47 -48 49 -50 -51 52 53 -54 -55 -56 -57 58 59 60 61 62 -63 64 -65 66 -67 68 -69 70 71 72 -73 -74 75 0
uf75-087 7593 1 2 -3 4 -5 6 -7 8 9 10 11 12 13 -14 15 16 -17 18 -19 20 21 22 23 24 25 26 -27 28 29 30 31 -32 33 -34 35 36 -37 -38 -39 40 41 -42 43 44 -45 46 47 48 -49 50 51 52 53 54 55 -56 57 -58 59 60 61 -62 -63 -64 65 66 -67 68 69 70 71 -72 -73 74 -75 0
uf75-088 8644 -1 2 3 -4 5 6 -7 8 9 -10 -11 12 13 14 15 -16 17 18 19 20 21 -22 23 24 -25 26 -27 -28 29 -30 -31 32 -33 -34 -35 -36 -37 -38 -39 40 41 -42 43 44 45 46 47 -48 49 -50 -51 -52 -53 -54 55 56 57 -58 -59 60 -61 62 -63 64 65 66 67 68 69 -70 71 -72 -73 74 75 0
uf75-089 5162 1 2 -3 -4 -5 -6 7 -8 9 -10 -11 -12 13 -14 -15 -16 -17 18 19 20 -21 22 23 24 25 -26 27 28 29 -30 31 -32 33 34 35 -36 37 -38 39 40 -41 42 -43 -44 -45 46 47 -48 -49 50 -51 52 53 -54 -55 56 -57 -58 -59 -60 61 62 -63 -64 65 -66 -67 68 69 -70 -71 -72 73 74 75 0
uf75-09 6687 1 2 -3 4 -5 6 7 8 9 -10 -11 -12 -13 14 -15 -16 -17 -18 -19 -20 21 22 -23 24 25 -26 27 28 29 -30 -31 32 -33 -34 -35 36 37 38 39 40 -41 42 -43 44 45 46 47 48 49 -50 51 -52 -53 54 55 -56 57 58 -59 60 61 62 -63 -64 -65 66 -67 68 -69 -70 71 72 73 74 75 0
uf75-090 1903 1 -2 3 -4 -5 -6 7 -8 -9 -10 -11 -12 13 -14 -15 -16 -17 -18 19 -20 -21 -22 23 -24 25 26 -27 -28 29 -30 -31 32 -33 -34 -35 36 -37 -38 39 40 -41 -42 43 44 45 46 47 48 49 -50 -51 -52 -53 -54 55 -56 57 58 -59 -60 -61 62 63 -64 65 -66 67 -68 -69 70 71 -72 73 -74 75 0
uf75-091 975 -1 -2 3 4 5 -6 -7 -8 -9 -10 -11 12 -13 14 15 -16 17 -18 -19 -20 21 -22 -23 -24 -25 26 27 -28 29 30 31 -32 -33 34 -35 -36 -37 -38 -39 40 -41 -42 43 44 45 -46 -47 48 49 -50 51 52 53 54 55 56 -57 -58 -59 60 61 -62 63 -64 65 66 67 68 69 70 71 72 73 -74 75 0
uf75-092 4070 1 -2 -3 4 5 -6 -7 8 9 10 11 -12 13 -14 15 -16 17 -18 19 -20 21 22 23 24 -25 26 27 -28 29 30 31 32 33 -34 35 36 37 38 -39 -40 -41 42 43 44 45 46 47 -48 49 50 -51 -52 -53 -54 -55 56 57 58 -59 -60 -61 62 63 -64 65 -66 -67 -68 -69 -70 71 -72 -73 74 75 0
uf75-093 7713 -1 -2 -3 4 -5 -6 -7 8 9 10 -11 12 13 -14 15 -16 17 18 19 20 -21 22 23 24 25 -26 27 -28 29 30 -31 -32 33 34 35 -36 37 38 -39 -40 -41 42 -43 -44 45 46 47 48 -49 -50 51 52 53 -54 -55 -56 -57 58 -59 -60 61 -62 63 64 65 -66 67 68 -69 70 -71 72 -73 74 75 0
uf75-094 7615 -1 -2 -3 4 5 -6 7 8 9 10 -11 -12 -13 14 15 16 17 18 19 20 21 22 23 -24 -25 -26 -27 28 29 30 31 -32 33 -34 -35 -36 37 -38 39 40 41 -42 43 44 45 -46 47 48 49 -50 -51 52 -53 -54 55 56 57 -58 -59 -60 -61 -62 -63 64 65 66 -67 -68 -69 70 71 72 73 -74 -75 0
uf75-095 2471 -1 -2 -3 -4 5 6 7 8 9 -10 11 -12 -13 14 15 -16 17 18 19 -20 21 22 23 -24 25 -26 -27 -28 -29 -30 -31 -32 -33 34 35 -36 37 38 39 40 -41 42 43 44 45 -46 47 48 -49 -50 51 52 -53 -54 -55 56 57 -58 -59 -60 -61 62 63 -64 65 66 67 -68 69 70 -71 72 73 74 -75 0
uf75-096 3204 -1 2 3 4 -5 6 7 8 -9 -10 -11 -12 -13 -14 -15 16 17 18 19 -20 -21 -22 -23 24 25 26 -27 28 -29 30 -31 32 33 34 -35 36 37 -38 -39 40 41 42 43 44 45 -46 47 48 49 50 -51 52 53 54 55 56 57 58 59 60 -61 -62 63 64 65 -66 67 68 69 -70 71 -72 73 -74 75 0
uf75-097 3170 -1 2 -3 4 5 6 7 8 -9 -10 11 12 -13 14 15 16 17 18 19 20 -21 22 23 24 25 26 -27 28 -29 -30 31 -32 33 34 35 36 37 38 39 -40 -41 -42 -43 44 45 46 47 48 -49 50 51 52 53 54 55 -56 57 -58 59 -60 -61 -62 -63 -64 -65 -66 67 -68 69 70 71 72 73 -74 75 0
uf75-098 5009 -1 -2 3 -4 5 -6 7 -8 -9 10 -11 -12 13 14 15 16 17 18 -19 20 21 -22 23 24 -25 -26 -27 28 29 30 -31 -32 -33 34 35 36 37 38 39 -40 41 42 -43 44 -45 46 -47 -48 -49 50 -51 52 53 -54 -55 56 57 -58 -59 60 61 62 -63 -64 65 66 -67 68 -69 70 -71 72 -73 74 -75 0
uf75-099 3828 1 2 -3 -4 5 6 -7 -8 -9 -10 -11 -12 -13 14 15 16 -17 -18 19 20 21 22 23 -24 -25 -26 27 28 -29 -30 -31 32 33 34 -35 36 37 38 39 -40 -41 42 -43 -44 45 46 -47 -48 49 -50 51 52 53 -54 55 -56 57 -58 -59 60 61 62 -63 64 -65 66 67 -68 69 -70 -71 -72 73 -74 -75 0
