uf75-01 87701 -1 2 -3 4 -5 6 -7 8 -9 10 -11 -12 -13 -14 -15 -16 17 -18 -19 -20 21 -22 -23 24 -25 26 27 -28 29 30 31 32 33 34 -35 36 -37 38 -39 -40 41 42 43 -44 -45 -46 47 -48 -49 -50 -51 52 -53 -54 -55 56 57 -58 59 60 -61 -62 63 -64 -65 66 -67 68 69 -70 -71 -72 73 -74 75 0
uf75-010 53276 1 -2 -3 4 5 -6 -7 8 9 -10 11 12 13 -14 -15 -16 17 -18 19 20 -21 22 23 24 25 -26 27 -28 29 30 31 -32 33 -34 -35 -36 -37 38 -39 -40 41 42 -43 -44 45 -46 -47 -48 -49 -50 -51 52 -53 54 55 -56 57 58 -59 60 -61 -62 -63 -64 -65 -66 -67 -68 69 -70 71 -72 -73 -74 -75 0
uf75-0100 144830 -1 -2 3 -4 -5 6 7 8 9 -10 -11 12 -13 -14 -15 16 17 18 19 -20 -21 22 -23 -24 25 26 27 28 -29 30 31 32 33 34 35 36 37 -38 -39 40 41 42 -43 44 45 46 -47 48 49 -50 51 52 -53 -54 55 56 57 58 -59 60 61 -62 63 64 -65 -66 67 68 -69 70 71 72 73 -74 75 0
uf75-011 113441 1 2 3 4 5 6 7 -8 9 -10 11 12 13 14 15 -16 -17 18 19 20 21 -22 -23 24 25 -26 -27 28 -29 -30 31 32 33 34 35 -36 37 -38 -39 40 41 42 -43 44 45 46 -47 -48 49 50 51 -52 53 -54 55 56 57 -58 59 -60 61 -62 63 64 65 -66 67 68 69 70 -71 -72 -73 -74 -75 0
uf75-012 118129 1 -2 -3 -4 5 6 7 8 -9 -10 11 12 13 -14 -15 16 17 -18 19 20 21 22 23 24 25 -26 27 -28 29 -30 31 32 33 -34 -35 36 -37 -38 39 -40 -41 -42 43 44 -45 -46 47 48 -49 50 -51 -52 -53 -54 -55 -56 -57 58 -59 -60 61 62 -63 64 -65 66 -67 -68 -69 70 71 72 -73 74 -75 0
uf75-013 59391 -1 2 3 -4 5 -6 7 -8 9 10 11 -12 13 14 15 16 17 -18 19 20 21 22 -23 -24 25 26 -27 28 29 -30 -31 32 33 -34 -35 36 37 38 39 -40 -41 42 43 -44 -45 -46 47 48 -49 -50 51 52 53 -54 55 -56 -57 58 -59 60 61 -62 -63 -64 -65 -66 -67 -68 69 70 71 72 73 -74 -75 0
uf75-014 111021 -1 2 -3 -4 -5 -6 -7 -8 -9 10 11 12 -13 14 15 16 -17 18 19 20 21 22 23 -24 -25 26 27 -28 29 30 -31 32 -33 34 35 36 -37 -38 -39 -40 41 42 -43 44 45 -46 47 -48 49 50 -51 52 53 54 -55 56 57 -58 59 -60 61 -62 -63 -64 -65 -66 67 68 -69 -70 71 -72 -73 -74 75 0
uf75-015 117834 -1 2 3 4 5 -6 -7 8 -9 -10 -11 12 13 -14 15 16 17 -18 19 20 -21 22 -23 24 25 26 27 28 -29 -30 -31 32 33 34 -35 36 -37 38 39 -40 41 42 43 -44 45 46 -47 -48 49 -50 -51 -52 53 54 -55 -56 57 -58 59 60 61 -62 -63 64 65 66 -67 -68 69 70 71 72 73 74 75 0
uf75-016 20135 -1 -2 3 4 5 6 7 -8 9 10 -11 12 13 14 -15 16 -17 18 -19 20 -21 22 -23 -24 25 26 -27 -28 -29 -30 31 -32 -33 34 35 36 37 38 -39 -40 -41 -42 -43 44 -45 46 -47 48 49 -50 -51 -52 53 -54 -55 56 -57 -58 59 60 61 62 -63 64 65 -66 -67 68 -69 70 71 72 73 -74 75 0
uf75-017 80826 -1 -2 3 4 -5 -6 -7 8 -9 -10 -11 12 13 -14 15 16 -17 18 19 -20 21 -22 -23 -24 25 26 27 -28 29 -30 31 -32 -33 34 -35 -36 -37 -38 -39 -40 -41 42 43 -44 -45 46 47 -48 49 50 51 52 -53 54 55 56 57 58 -59 60 -61 -62 63 -64 65 66 67 -68 69 70 71 72 73 -74 75 0
uf75-018 59573 1 -2 3 -4 5 6 7 -8 9 -10 -11 -12 -13 -14 15 -16 -17 -18 -19 -20 21 -22 -23 24 -25 26 27 28 29 -30 -31 32 33 34 35 36 37 -38 39 -40 41 42 43 -44 45 -46 -47 48 49 50 -51 -52 53 54 -55 -56 57 58 -59 60 -61 62 63 64 65 -66 -67 -68 -69 70 71 72 -73 -74 75 0
uf75-019 114726 1 2 3 4 5 6 -7 -8 9 -10 11 12 -13 14 -15 -16 -17 18 19 20 21 22 -23 -24 -25 -26 27 -28 29 30 31 32 -33 -34 35 -36 37 38 39 -40 -41 -42 43 44 -45 -46 47 48 49 -50 -51 52 -53 54 -55 56 -57 -58 59 60 61 62 63 64 -65 66 -67 -68 69 70 -71 -72 -73 -74 -75 0
uf75-02 52774 -1 -2 3 -4 5 -6 7 -8 -9 10 11 12 13 -14 15 -16 -17 18 -19 20 21 22 23 24 25 -26 27 28 -29 30 31 -32 33 34 -35 36 37 38 -39 40 -41 42 -43 44 -45 -46 47 48 -49 50 -51 52 -53 54 -55 -56 -57 58 59 60 61 62 63 64 65 66 67 68 69 -70 -71 72 -73 74 75 0
uf75-020 28434 1 -2 3 4 -5 6 7 8 9 10 11 12 13 14 -15 16 17 18 -19 -20 21 -22 23 24 -25 26 -27 28 29 -30 31 32 33 34 35 36 37 38 -39 40 41 42 -43 -44 -45 46 47 -48 -49 -50 51 -52 53 54 55 56 -57 58 -59 -60 -61 62 63 64 65 -66 -67 68 69 70 71 72 73 -74 75 0
uf75-021 28195 -1 2 3 -4 -5 -6 7 -8 9 10 -11 12 -13 14 -15 -16 17 18 -19 20 -21 -22 -23 24 25 26 27 -28 29 30 31 32 -33 34 -35 36 -37 -38 39 -40 41 42 43 44 45 -46 47 48 -49 50 -51 52 53 -54 55 56 57 -58 -59 -60 61 -62 -63 64 -65 66 -67 -68 69 -70 71 72 -73 74 -75 0
uf75-022 114842 1 -2 3 4 -5 -6 7 -8 9 -10 11 12 -13 -14 -15 16 17 -18 19 -20 21 -22 23 24 -25 26 27 -28 29 -30 31 32 -33 34 35 -36 37 38 39 40 -41 42 43 -44 -45 -46 -47 48 49 50 51 52 53 -54 55 56 -57 58 59 60 61 -62 63 64 65 -66 67 -68 -69 70 -71 72 73 -74 -75 0
uf75-023 150921 1 -2 3 -4 5 -6 -7 8 -9 10 11 -12 13 14 15 16 17 -18 19 20 -21 -22 -23 24 -25 26 27 -28 -29 30 31 -32 33 -34 35 -36 37 38 -39 40 -41 42 43 -44 -45 46 47 48 -49 50 -51 52 -53 -54 -55 -56 57 -58 59 60 61 62 63 64 65 66 67 68 69 70 -71 72 73 74 75 0
uf75-024 103254 -1 2 -3 4 5 6 -7 -8 9 10 11 -12 13 -14 -15 16 17 -18 19 -20 21 -22 23 -24 25 -26 -27 -28 29 -30 -31 32 -33 34 -35 -36 37 -38 -39 -40 41 -42 43 -44 45 46 -47 48 49 -50 -51 -52 53 -54 55 56 -57 -58 59 -60 -61 62 -63 -64 65 -66 67 68 -69 -70 -71 72 -73 -74 75 0
uf75-025 75941 1 2 3 4 5 -6 7 -8 -9 10 11 12 13 14 -15 -16 -17 18 19 -20 -21 22 23 24 25 -26 27 28 29 30 31 32 33 34 -35 -36 37 38 39 40 41 -42 43 44 -45 46 47 48 49 50 51 -52 53 54 55 56 -57 -58 59 -60 61 -62 63 -64 65 66 67 68 69 70 -71 72 -73 -74 75 0
uf75-026 218679 1 -2 3 4 5 -6 7 8 -9 -10 -11 12 -13 14 -15 16 -17 18 19 20 21 22 23 -24 25 26 27 -28 -29 30 31 32 -33 -34 35 -36 -37 38 39 -40 41 42 43 44 45 -46 47 48 -49 -50 51 -52 53 -54 55 -56 57 58 59 60 61 62 -63 -64 65 66 67 68 69 -70 71 -72 73 74 75 0
uf75-027 59587 1 2 3 4 -5 6 7 8 -9 -10 11 -12 -13 -14 15 16 17 18 -19 20 -21 -22 23 -24 -25 -26 -27 -28 -29 -30 -31 32 -33 34 -35 -36 -37 -38 -39 40 41 42 -43 44 45 -46 -47 -48 49 50 -51 52 53 54 -55 56 57 -58 -59 -60 61 62 63 64 65 -66 67 -68 69 70 71 72 73 -74 -75 0
uf75-028 169171 1 -2 -3 4 -5 6 7 8 9 -10 -11 12 13 14 -15 16 17 18 -19 20 21 22 23 24 25 26 27 -28 29 -30 31 32 33 34 35 36 37 -38 -39 40 -41 42 -43 44 45 46 47 48 49 50 -51 52 53 54 -55 56 57 -58 -59 60 -61 -62 63 64 -65 -66 67 -68 69 -70 71 72 73 -74 75 0
uf75-029 195991 -1 2 3 -4 5 6 7 8 9 10 11 12 -13 -14 -15 16 -17 -18 19 -20 -21 22 23 24 -25 -26 27 28 29 30 31 -32 33 -34 35 36 37 -38 39 -40 41 -42 43 -44 45 46 -47 48 -49 50 51 -52 53 54 55 -56 -57 58 59 60 -61 -62 63 64 -65 66 -67 -68 69 70 -71 72 73 -74 75 0
uf75-03 202164 -1 2 3 4 -5 6 7 8 9 10 11 12 -13 14 15 16 17 18 19 -20 -21 -22 23 24 25 26 27 -28 -29 30 31 32 33 -34 35 -36 -37 -38 39 40 -41 42 -43 44 -45 46 47 -48 -49 -50 -51 -52 -53 54 55 56 -57 58 -59 60 -61 -62 -63 64 -65 66 -67 68 -69 70 71 72 -73 74 75 0
uf75-030 193532 -1 2 -3 -4 -5 -6 -7 -8 -9 10 11 12 13 14 -15 16 17 18 19 20 21 22 23 24 25 -26 27 -28 29 30 -31 32 33 34 35 -36 -37 38 -39 40 41 42 -43 -44 45 -46 -47 48 49 -50 51 -52 53 54 55 56 57 58 -59 -60 -61 62 63 64 65 66 67 68 69 70 -71 -72 73 74 75 0
uf75-031 21417 1 2 -3 4 -5 -6 7 8 9 10 11 12 13 -14 -15 -16 17 -18 -19 -20 -21 22 -23 24 25 -26 -27 -28 29 -30 31 32 -33 34 35 36 -37 38 -39 -40 41 42 43 -44 45 -46 47 -48 -49 50 -51 -52 53 54 55 -56 -57 58 -59 60 -61 -62 -63 64 -65 66 -67 68 -69 -70 71 72 -73 74 -75 0
uf75-032 30280 -1 2 -3 -4 -5 6 -7 8 9 10 -11 12 13 14 -15 -16 17 -18 19 20 -21 -22 23 24 25 -26 27 28 -29 -30 31 32 33 34 35 -36 37 38 -39 -40 -41 42 -43 -44 -45 46 -47 48 -49 50 -51 52 53 54 -55 56 57 -58 59 60 -61 -62 63 64 65 -66 67 -68 -69 70 71 72 73 -74 -75 0
uf75-033 79418 1 -2 3 -4 -5 -6 -7 8 -9 10 11 -12 -13 -14 15 -16 -17 18 19 20 -21 -22 -23 -24 -25 -26 27 -28 29 30 31 -32 -33 34 -35 36 37 38 39 -40 41 42 -43 -44 -45 46 -47 48 49 -50 -51 52 53 54 -55 -56 57 58 59 60 -61 62 63 64 -65 66 -67 -68 -69 70 -71 -72 -73 74 75 0
uf75-034 61334 -1 -2 -3 -4 5 -6 -7 8 -9 10 -11 12 13 14 -15 -16 -17 18 -19 20 -21 22 -23 -24 25 26 27 28 -29 30 31 32 -33 34 -35 36 37 38 39 40 41 -42 43 44 45 -46 -47 -48 -49 -50 51 52 -53 -54 55 -56 -57 58 59 -60 61 -62 63 64 65 -66 -67 -68 -69 70 71 -72 73 -74 75 0
uf75-035 82911 -1 -2 3 4 -5 -6 7 8 -9 -10 -11 12 -13 14 15 16 17 -18 -19 -20 -21 22 -23 24 25 26 27 28 -29 30 31 32 33 -34 35 36 37 38 39 40 41 -42 -43 44 45 46 -47 -48 49 50 -51 -52 -53 -54 -55 -56 -57 58 59 60 61 62 -63 -64 65 -66 67 -68 69 70 -71 72 -73 74 -75 0
uf75-036 149929 -1 2 3 4 5 -6 7 -8 -9 -10 11 12 13 -14 -15 16 17 18 19 20 21 22 -23 24 -25 -26 27 28 -29 30 31 32 -33 34 -35 36 37 38 -39 40 -41 -42 43 44 45 46 47 48 49 50 -51 -52 -53 -54 -55 56 57 58 -59 -60 61 -62 -63 64 65 -66 -67 -68 69 70 71 -72 73 -74 75 0
uf75-037 107918 1 2 3 4 -5 6 -7 8 9 -10 -11 12 -13 14 15 -16 17 18 -19 20 21 22 23 24 -25 26 27 28 29 30 31 -32 -33 34 35 -36 37 -38 -39 -40 41 42 -43 -44 -45 -46 47 48 49 50 51 -52 -53 54 55 56 57 58 59 -60 -61 62 63 -64 65 66 -67 68 -69 -70 71 -72 -73 74 -75 0
uf75-038 130055 -1 -2 3 -4 -5 6 -7 8 -9 -10 11 12 13 -14 -15 16 17 -18 19 20 21 22 23 24 25 26 27 28 -29 30 31 -32 -33 34 -35 36 -37 38 -39 -40 41 -42 43 44 -45 46 47 48 -49 50 -51 -52 -53 54 -55 -56 -57 58 59 60 61 62 -63 64 65 -66 -67 68 -69 -70 71 72 -73 74 -75 0
uf75-039 43349 1 -2 3 -4 -5 -6 -7 8 -9 -10 11 -12 13 14 15 -16 17 -18 19 20 -21 -22 23 24 25 26 -27 28 29 30 31 32 -33 34 -35 36 37 38 39 -40 41 42 43 44 -45 -46 -47 48 -49 -50 -51 52 53 -54 -55 56 57 58 59 -60 61 -62 63 64 65 66 -67 -68 -69 70 71 72 -73 74 -75 0
uf75-04 136297 1 -2 3 -4 5 -6 -7 -8 9 10 11 12 -13 14 -15 16 -17 -18 -19 20 -21 -22 -23 -24 -25 -26 27 28 -29 30 31 32 33 34 35 -36 -37 38 39 -40 -41 42 43 -44 45 -46 -47 48 -49 -50 51 -52 -53 -54 55 -56 -57 -58 -59 60 61 -62 63 64 65 66 67 -68 69 70 -71 72 -73 74 75 0
uf75-040 167867 1 -2 3 -4 -5 6 -7 8 9 10 11 -12 -13 14 15 16 17 -18 -19 20 -21 -22 23 -24 25 26 -27 28 -29 -30 -31 32 33 -34 35 -36 -37 38 39 40 41 -42 -43 44 45 46 47 48 49 -50 51 52 53 -54 55 -56 57 58 59 -60 61 62 -63 64 -65 66 -67 -68 -69 70 71 -72 -73 -74 -75 0
uf75-041 105649 1 -2 3 -4 5 6 -7 8 9 -10 11 12 -13 -14 15 16 -17 18 19 -20 21 -22 -23 24 -25 26 27 -28 -29 30 31 32 -33 34 35 36 37 38 39 40 41 42 43 44 -45 -46 47 48 49 -50 51 52 53 54 55 56 -57 58 59 60 -61 62 -63 -64 -65 -66 -67 68 69 -70 -71 72 73 -74 75 0
uf75-042 59015 -1 -2 -3 -4 -5 6 7 8 9 -10 11 12 -13 14 15 -16 -17 -18 19 -20 -21 22 23 -24 -25 26 -27 28 -29 30 -31 -32 33 34 -35 -36 37 -38 -39 40 41 -42 43 -44 45 46 47 48 49 50 51 -52 53 -54 55 56 57 58 59 -60 -61 62 63 64 65 -66 67 68 -69 70 71 72 73 74 -75 0
uf75-043 107616 1 -2 3 4 5 6 7 -8 -9 -10 -11 12 13 14 -15 -16 17 18 -19 20 21 22 -23 -24 -25 -26 27 28 29 30 31 32 33 -34 35 36 37 38 39 40 41 42 43 -44 45 46 47 48 -49 50 -51 52 53 -54 55 56 -57 58 59 -60 61 -62 63 -64 65 -66 -67 68 -69 -70 71 -72 -73 74 75 0
uf75-044 88611 1 2 3 4 -5 -6 -7 -8 -9 10 -11 12 -13 14 15 16 -17 -18 -19 -20 -21 22 23 -24 25 26 27 28 29 -30 31 -32 33 34 35 36 37 38 -39 40 41 42 -43 -44 45 46 -47 -48 49 50 51 52 -53 54 55 -56 57 58 -59 60 61 -62 -63 64 -65 66 -67 68 -69 -70 -71 72 73 74 75 0
uf75-045 128720 -1 2 3 -4 5 6 7 -8 9 -10 -11 12 13 14 15 -16 17 18 19 -20 -21 -22 -23 -24 25 26 27 28 -29 -30 31 32 -33 -34 -35 36 37 -38 39 40 41 -42 -43 44 45 46 47 48 49 50 51 -52 -53 54 55 56 57 -58 59 60 61 62 63 64 -65 66 67 68 -69 -70 71 -72 73 74 -75 0
uf75-046 160149 1 2 3 -4 5 6 -7 -8 -9 10 -11 12 13 14 -15 16 -17 18 19 20 21 22 23 -24 25 26 -27 28 29 30 31 32 -33 34 -35 -36 37 38 -39 40 -41 -42 43 44 45 -46 -47 -48 49 -50 51 -52 53 54 55 56 -57 58 -59 60 -61 -62 63 -64 -65 66 67 -68 -69 70 -71 72 73 74 -75 0
uf75-047 65441 1 -2 -3 4 5 -6 7 -8 -9 -10 -11 12 13 -14 -15 -16 17 -18 19 -20 -21 -22 -23 24 -25 26 27 -28 -29 -30 31 32 -33 -34 35 -36 37 38 -39 40 -41 42 -43 -44 -45 46 -47 48 -49 50 51 -52 -53 54 55 56 57 58 -59 -60 61 62 63 64 65 66 -67 68 69 -70 -71 72 73 74 -75 0
uf75-048 54916 1 2 3 4 -5 6 -7 -8 -9 10 11 -12 13 -14 -15 -16 17 18 -19 -20 -21 -22 23 24 -25 26 27 -28 -29 30 31 32 33 -34 35 -36 37 38 -39 -40 -41 42 43 44 45 46 47 -48 49 50 -51 -52 53 -54 55 -56 -57 58 59 60 -61 -62 63 64 -65 -66 67 68 -69 70 -71 72 -73 -74 -75 0
uf75-049 109344 1 2 3 -4 -5 -6 -7 8 -9 -10 -11 12 13 -14 15 16 17 -18 -19 -20 21 22 23 24 25 -26 27 -28 29 -30 31 32 -33 34 35 36 -37 -38 39 40 41 42 43 -44 -45 -46 -47 48 49 -50 51 -52 53 54 55 56 -57 58 -59 60 -61 62 -63 64 -65 66 67 68 69 70 -71 -72 73 74 75 0
uf75-05 106024 -1 2 -3 4 5 6 7 8 9 10 -11 -12 -13 14 15 16 -17 -18 19 20 -21 -22 23 24 -25 -26 -27 28 -29 30 -31 32 33 34 35 -36 -37 38 39 -40 -41 42 43 44 -45 46 47 -48 49 -50 51 52 -53 -54 55 56 57 -58 59 60 -61 62 -63 64 -65 66 67 68 69 70 71 -72 -73 -74 75 0
uf75-050 76526 1 2 3 -4 -5 -6 -7 -8 -9 10 11 12 -13 14 -15 16 17 -18 -19 20 -21 -22 23 24 -25 26 27 28 29 -30 31 32 33 -34 35 -36 37 38 39 40 -41 42 -43 -44 45 46 47 -48 49 50 -51 -52 53 54 55 -56 57 58 -59 60 61 -62 63 64 65 66 -67 -68 69 70 71 72 -73 74 -75 0
uf75-051 170373 1 2 3 4 -5 6 7 -8 -9 10 11 12 -13 -14 15 16 17 18 19 20 -21 22 23 24 -25 26 27 28 29 -30 31 -32 33 -34 -35 36 -37 -38 -39 40 41 -42 -43 44 -45 46 47 48 49 50 -51 52 53 54 55 56 57 58 59 -60 -61 -62 63 64 -65 66 67 -68 69 70 71 -72 73 -74 -75 0
uf75-052 120180 -1 2 -3 4 5 6 -7 -8 9 -10 11 -12 13 14 -15 16 17 18 -19 20 21 22 -23 24 25 26 27 -28 29 -30 31 32 -33 -34 -35 36 -37 -38 -39 -40 41 -42 -43 -44 45 -46 -47 -48 49 -50 -51 -52 53 -54 55 56 57 58 59 -60 -61 62 -63 -64 -65 66 -67 68 -69 -70 71 72 -73 -74 75 0
uf75-053 41820 1 2 -3 -4 -5 6 7 8 9 -10 11 -12 13 -14 15 16 -17 -18 19 -20 -21 22 -23 24 25 -26 27 28 -29 30 31 -32 -33 34 35 36 -37 -38 -39 -40 41 -42 43 44 45 -46 47 -48 -49 -50 -51 -52 53 -54 -55 -56 57 58 59 60 61 -62 -63 64 65 66 67 -68 69 70 71 72 73 -74 -75 0
uf75-054 70486 -1 -2 3 4 5 6 7 -8 -9 -10 11 -12 13 14 -15 -16 17 -18 19 20 21 22 23 24 25 26 -27 -28 29 -30 -31 -32 -33 34 35 -36 -37 -38 39 40 41 -42 43 -44 -45 -46 47 48 49 50 -51 52 53 -54 -55 56 -57 58 -59 60 -61 -62 -63 -64 -65 66 67 -68 69 70 71 -72 73 74 -75 0
uf75-055 141976 1 -2 -3 -4 5 6 7 -8 9 10 -11 12 -13 14 -15 16 -17 18 -19 -20 21 22 23 24 -25 26 -27 -28 29 30 -31 -32 -33 34 -35 36 37 38 39 40 -41 42 -43 -44 45 -46 -47 -48 49 -50 -51 -52 -53 54 55 56 57 -58 59 -60 61 62 63 -64 -65 66 -67 -68 -69 -70 -71 72 73 74 75 0
uf75-056 148657 1 2 3 -4 -5 -6 7 8 9 -10 11 -12 13 -14 -15 -16 -17 18 19 -20 21 22 23 -24 -25 26 27 -28 29 -30 31 32 -33 -34 -35 -36 37 38 -39 40 -41 -42 43 -44 -45 46 47 48 -49 50 51 -52 -53 54 -55 56 -57 -58 59 60 61 62 63 64 65 -66 67 -68 -69 -70 71 -72 73 74 75 0
uf75-057 191949 1 -2 3 -4 5 6 -7 8 -9 10 11 12 13 -14 -15 16 17 -18 19 -20 21 22 23 -24 25 26 -27 -28 29 30 -31 32 33 34 -35 36 37 38 39 40 41 -42 43 44 -45 46 -47 48 49 50 51 52 -53 -54 55 56 -57 58 59 -60 61 62 63 64 -65 66 -67 -68 69 70 -71 72 73 -74 75 0
uf75-058 51070 -1 2 3 -4 -5 6 -7 -8 9 10 11 -12 13 -14 -15 -16 17 -18 19 -20 21 -22 23 -24 -25 26 -27 -28 -29 -30 31 32 -33 -34 -35 36 -37 38 -39 -40 41 42 43 -44 45 46 -47 -48 -49 -50 51 52 -53 -54 -55 56 57 -58 -59 -60 -61 62 -63 -64 65 -66 -67 -68 69 70 71 72 -73 -74 75 0
uf75-059 35360 1 -2 -3 4 5 6 7 -8 9 10 11 -12 13 14 15 16 17 -18 19 20 -21 22 -23 -24 25 26 -27 -28 29 30 -31 -32 33 -34 35 36 -37 -38 -39 40 41 42 -43 -44 45 -46 -47 48 -49 50 51 -52 -53 -54 55 -56 57 58 59 -60 61 62 63 64 65 -66 67 -68 69 70 -71 -72 73 74 75 0
uf75-06 81172 1 2 -3 -4 -5 6 7 8 -9 -10 -11 -12 13 14 15 16 -17 -18 -19 20 21 22 -23 -24 25 26 27 28 -29 30 -31 32 33 34 -35 36 37 38 39 -40 41 42 43 -44 -45 46 -47 -48 -49 50 51 -52 -53 -54 55 56 -57 -58 59 60 61 62 63 64 -65 -66 67 -68 -69 -70 -71 72 73 74 75 0
uf75-060 53611 -1 2 -3 4 5 -6 -7 8 9 -10 -11 12 13 -14 15 16 17 -18 19 20 -21 -22 -23 -24 -25 26 -27 -28 -29 -30 -31 -32 33 34 35 36 37 38 -39 40 -41 -42 -43 44 45 46 47 48 -49 -50 -51 52 -53 54 55 56 57 58 59 -60 61 62 -63 64 65 -66 -67 -68 69 70 71 72 73 -74 -75 0
uf75-061 94316 1 -2 3 4 5 6 -7 8 9 10 -11 -12 13 -14 -15 16 17 -18 19 -20 21 -22 -23 24 25 -26 -27 28 -29 -30 -31 32 -33 -34 -35 -36 37 38 -39 40 -41 42 -43 44 -45 -46 47 48 -49 50 51 52 53 54 55 56 57 58 59 -60 -61 -62 -63 64 -65 66 -67 -68 -69 -70 71 72 73 -74 -75 0
uf75-062 159465 1 2 -3 4 5 6 -7 8 9 -10 11 -12 13 14 15 16 -17 -18 19 20 -21 -22 -23 -24 25 -26 27 28 29 30 31 -32 -33 -34 -35 36 -37 38 -39 40 -41 42 43 -44 45 -46 47 -48 49 50 51 -52 -53 -54 -55 56 57 58 -59 -60 -61 -62 63 64 65 -66 67 68 69 70 -71 72 73 74 75 0
uf75-063 68826 1 2 3 -4 5 -6 -7 8 -9 -10 11 -12 -13 -14 15 -16 -17 18 -19 20 21 22 23 24 25 26 27 -28 29 -30 31 32 33 -34 35 36 37 -38 -39 40 41 42 43 -44 45 -46 -47 48 -49 50 51 -52 -53 54 55 -56 -57 58 59 -60 61 62 63 64 65 -66 67 -68 69 70 71 -72 -73 -74 75 0
uf75-064 102002 1 2 3 -4 -5 6 7 8 9 10 11 12 13 -14 -15 -16 -17 18 19 20 21 -22 23 -24 -25 26 -27 -28 29 -30 -31 -32 33 -34 35 36 37 38 39 -40 -41 42 -43 -44 45 46 -47 48 49 -50 -51 52 -53 -54 -55 -56 -57 -58 -59 60 -61 -62 -63 64 65 66 -67 68 69 -70 -71 -72 73 -74 -75 0
uf75-065 51364 -1 -2 3 4 -5 6 7 8 -9 10 11 12 -13 -14 15 -16 17 -18 19 20 -21 22 23 24 -25 26 27 28 -29 -30 31 -32 -33 -34 -35 -36 -37 -38 39 -40 -41 -42 -43 -44 45 46 47 -48 -49 -50 -51 -52 53 54 55 -56 57 58 59 -60 61 62 63 64 -65 -66 -67 68 69 70 -71 -72 73 74 75 0
uf75-066 92241 1 2 -3 4 -5 -6 7 8 9 -10 11 12 -13 -14 15 -16 17 -18 19 -20 -21 -22 23 24 -25 -26 27 28 29 -30 -31 -32 33 -34 -35 -36 37 -38 39 40 41 -42 43 44 -45 46 -47 48 49 50 -51 52 53 54 55 -56 57 58 59 60 61 62 -63 64 65 66 67 -68 -69 70 71 -72 -73 74 75 0
uf75-067 166968 1 2 3 -4 -5 6 -7 -8 -9 10 11 12 13 -14 -15 -16 17 18 19 -20 21 -22 -23 -24 -25 -26 27 28 29 30 -31 -32 -33 34 35 36 37 38 -39 40 -41 42 43 44 45 46 47 -48 49 50 51 52 53 54 55 56 57 58 59 -60 61 62 63 -64 65 66 -67 68 69 70 -71 72 73 74 -75 0
uf75-068 136557 -1 2 3 -4 -5 6 7 8 9 -10 11 -12 13 14 15 16 -17 -18 19 20 -21 22 23 24 -25 -26 27 28 29 -30 31 32 33 -34 -35 36 37 38 -39 40 41 -42 43 44 -45 -46 47 -48 49 50 51 52 53 -54 -55 -56 -57 58 -59 60 61 62 -63 -64 -65 66 67 68 69 -70 71 72 73 74 -75 0
uf75-069 47582 -1 -2 -3 4 -5 -6 7 8 -9 10 -11 12 13 -14 -15 16 17 18 -19 -20 -21 22 -23 24 25 -26 27 -28 29 30 31 32 33 -34 35 36 37 38 39 -40 -41 -42 -43 -44 45 -46 -47 -48 -49 -50 -51 -52 53 -54 -55 -56 57 58 59 60 -61 62 63 -64 65 -66 67 -68 -69 -70 -71 -72 -73 74 -75 0
uf75-07 168854 1 2 3 -4 -5 -6 -7 -8 -9 -10 11 12 -13 -14 15 -16 17 -18 19 20 21 -22 23 24 -25 26 -27 28 29 -30 31 32 -33 34 -35 -36 37 38 -39 40 41 42 -43 -44 45 46 47 48 49 50 -51 -52 53 -54 -55 56 -57 58 59 60 61 -62 -63 64 -65 66 67 68 69 70 -71 72 -73 74 75 0
uf75-070 46750 -1 -2 3 -4 5 6 7 8 9 10 11 -12 13 -14 15 16 17 18 -19 20 -21 22 23 24 25 26 27 28 29 -30 31 32 -33 34 -35 36 37 -38 39 -40 41 42 43 44 45 -46 -47 -48 49 -50 51 -52 53 -54 -55 56 57 58 59 -60 -61 62 63 -64 65 66 67 -68 -69 -70 71 -72 73 -74 -75 0
uf75-071 97010 -1 2 -3 4 5 6 -7 8 9 -10 11 12 13 -14 15 -16 17 18 19 20 21 -22 23 24 25 26 -27 28 29 -30 -31 32 33 -34 35 -36 37 -38 39 -40 -41 -42 -43 44 45 -46 47 -48 -49 50 -51 52 53 -54 -55 56 57 58 -59 -60 61 62 -63 64 65 -66 67 -68 -69 70 -71 72 73 -74 75 0
uf75-072 112987 1 2 -3 -4 -5 -6 7 8 -9 10 11 -12 13 14 15 -16 -17 18 -19 20 21 22 -23 -24 -25 26 -27 28 -29 30 31 32 -33 -34 35 -36 -37 38 39 40 -41 -42 43 44 45 -46 47 -48 -49 50 -51 52 53 54 -55 56 -57 -58 -59 -60 61 62 63 -64 -65 -66 -67 68 -69 -70 71 -72 -73 74 75 0
uf75-073 145820 1 2 3 4 -5 6 -7 8 -9 10 -11 12 13 14 -15 -16 -17 -18 -19 20 -21 -22 23 -24 -25 -26 27 28 -29 30 -31 -32 33 -34 -35 36 37 38 39 40 -41 42 -43 44 45 46 -47 48 49 -50 -51 -52 53 -54 55 -56 -57 58 59 60 61 62 63 64 65 -66 -67 68 69 -70 -71 -72 73 74 75 0
uf75-074 49342 -1 2 3 4 -5 -6 -7 -8 -9 10 -11 12 -13 -14 15 16 -17 -18 -19 -20 -21 -22 23 24 25 26 -27 28 29 30 -31 -32 -33 -34 -35 36 -37 -38 -39 40 41 -42 -43 -44 45 46 -47 -48 -49 -50 51 52 -53 -54 55 56 -57 -58 59 60 61 -62 -63 -64 -65 -66 67 68 69 70 71 72 -73 -74 75 0
uf75-075 116318 -1 2 3 -4 -5 -6 7 8 -9 10 11 -12 13 14 -15 16 -17 -18 19 -20 21 22 -23 24 25 26 27 28 -29 30 -31 32 33 -34 35 -36 37 -38 -39 -40 41 -42 43 44 45 -46 47 -48 -49 50 -51 52 -53 54 55 56 57 58 -59 -60 -61 62 -63 64 -65 66 -67 68 69 70 71 -72 73 74 75 0
uf75-076 81472 -1 2 3 -4 -5 -6 -7 8 9 -10 11 -12 13 14 15 16 -17 18 -19 -20 -21 22 23 24 -25 26 27 28 -29 -30 31 -32 -33 -34 -35 36 -37 38 -39 40 41 42 -43 -44 -45 46 -47 -48 -49 -50 -51 -52 53 -54 55 -56 -57 58 -59 60 61 -62 -63 64 -65 66 67 -68 -69 70 71 -72 73 74 75 0
uf75-077 69655 1 2 3 4 5 6 -7 8 -9 -10 11 12 13 14 -15 -16 -17 18 -19 -20 -21 22 23 24 -25 -26 27 28 29 30 31 -32 -33 34 35 -36 37 -38 -39 -40 -41 -42 43 -44 -45 46 -47 -48 -49 50 51 52 -53 54 55 56 -57 58 59 -60 -61 62 63 64 65 66 67 68 -69 70 71 72 73 74 75 0
uf75-078 18772 1 -2 -3 -4 5 -6 -7 8 -9 10 -11 12 13 14 15 -16 17 -18 -19 20 -21 -22 23 24 25 -26 27 -28 29 30 -31 -32 -33 -34 -35 -36 37 -38 39 40 -41 42 -43 44 -45 46 47 48 -49 50 -51 52 53 54 55 56 57 58 -59 -60 -61 62 -63 64 -65 66 67 68 -69 70 71 -72 -73 -74 -75 0
uf75-079 133433 1 -2 -3 -4 5 6 -7 -8 9 10 -11 12 13 -14 -15 16 17 18 19 -20 21 -22 -23 -24 -25 -26 27 28 -29 30 31 32 33 34 35 -36 -37 38 -39 -40 41 42 -43 44 45 -46 47 48 49 -50 51 52 53 54 -55 56 -57 58 -59 60 -61 62 -63 -64 65 66 67 68 -69 -70 71 -72 -73 74 75 0
uf75-08 179868 -1 2 -3 -4 5 6 -7 8 -9 -10 11 12 13 -14 -15 16 -17 -18 -19 20 -21 22 23 -24 25 -26 -27 28 29 -30 -31 32 -33 34 -35 36 -37 38 39 40 41 42 43 44 45 -46 47 48 49 50 -51 -52 53 54 -55 56 -57 -58 -59 60 61 62 63 -64 -65 66 -67 68 69 -70 71 72 73 74 75 0
uf75-080 78623 1 -2 3 -4 5 6 7 -8 -9 10 11 12 -13 -14 15 -16 17 18 19 20 21 -22 23 24 25 -26 27 -28 29 -30 31 32 -33 34 -35 -36 37 38 -39 -40 -41 -42 43 44 -45 -46 47 48 -49 -50 -51 -52 -53 -54 55 56 -57 -58 59 60 -61 62 -63 64 65 -66 67 68 69 70 -71 72 73 74 -75 0
uf75-081 226774 1 2 3 4 -5 -6 7 8 -9 10 -11 -12 13 -14 15 -16 17 18 -19 20 -21 22 -23 -24 25 -26 -27 28 29 30 31 -32 33 -34 35 36 37 38 39 -40 41 42 43 44 -45 -46 -47 48 49 50 51 -52 53 54 55 -56 57 -58 59 60 61 62 63 64 65 66 67 68 69 70 71 72 73 74 75 0
uf75-082 45594 1 2 -3 4 -5 6 -7 -8 9 10 -11 12 13 -14 -15 16 -17 18 19 20 21 -22 23 -24 25 -26 -27 -28 29 30 -31 -32 -33 34 35 -36 -37 38 -39 40 -41 -42 -43 44 45 46 47 48 49 50 -51 -52 -53 -54 55 -56 57 -58 59 -60 61 62 63 -64 65 -66 67 68 69 -70 -71 72 -73 -74 -75 0
uf75-083 130273 -1 -2 3 4 -5 -6 -7 -8 9 -10 11 -12 13 14 15 16 -17 -18 19 20 -21 22 23 24 25 26 -27 -28 29 -30 -31 32 33 34 -35 36 -37 -38 -39 40 41 -42 -43 -44 45 46 -47 48 -49 50 -51 -52 53 54 55 -56 -57 58 59 -60 61 62 -63 64 65 -66 -67 68 -69 -70 71 -72 73 -74 75 0
uf75-084 27673 1 2 -3 -4 -5 6 -7 8 -9 -10 11 12 13 14 -15 16 17 -18 -19 20 -21 22 23 24 -25 26 27 -28 29 -30 31 -32 33 34 35 36 37 38 39 40 -41 -42 -43 44 -45 46 -47 -48 49 50 -51 -52 53 54 55 56 -57 58 59 -60 -61 -62 63 64 65 -66 -67 -68 69 70 71 72 73 -74 -75 0
uf75-085 105930 -1 2 -3 -4 5 6 7 8 -9 -10 11 12 13 -14 -15 16 17 -18 19 20 21 -22 23 24 25 26 27 28 29 30 31 -32 33 34 -35 36 37 38 39 -40 -41 42 43 -44 -45 -46 -47 48 -49 -50 -51 -52 -53 54 55 56 -57 58 -59 60 61 62 -63 64 -65 66 67 68 69 -70 -71 -72 -73 -74 -75 0
uf75-086 154265 1 -2 3 -4 -5 6 -7 8 9 -10 11 12 -13 -14 -15 16 17 18 19 -20 -21 22 23 -24 25 -26 27 28 -29 -30 31 -32 -33 34 -35 36 37 -38 39 40 -41 -42 43 -44 45 46 47 48 49 -50 51 -52 -53 54 55 56 -57 58 59 -60 61 62 63 -64 65 66 -67 68 69 70 71 -72 73 74 75 0
uf75-087 102818 1 2 -3 4 -5 -6 -7 8 9 10 -11 12 13 -14 -15 16 -17 18 19 20 21 -22 -23 24 25 26 27 -28 29 -30 31 32 33 -34 35 -36 37 38 39 -40 41 42 -43 44 45 -46 -47 48 -49 -50 51 52 53 54 55 -56 -57 -58 59 -60 -61 62 -63 -64 65 66 -67 68 69 70 -71 -72 -73 74 -75 0
uf75-088 98705 -1 2 3 -4 5 6 -7 8 9 -10 -11 12 13 14 15 -16 17 18 19 20 21 -22 23 24 -25 26 -27 -28 29 -30 -31 32 -33 -34 -35 -36 -37 -38 -39 40 41 -42 43 44 45 46 47 -48 49 -50 51 -52 -53 -54 55 56 57 -58 -59 60 -61 62 -63 64 65 66 67 68 69 -70 71 -72 -73 74 75 0
uf75-089 25123 1 -2 -3 -4 -5 -6 7 -8 9 -10 11 -12 13 -14 -15 -16 -17 18 19 20 -21 22 23 24 -25 -26 27 28 29 -30 -31 32 33 34 -35 -36 37 -38 39 40 -41 42 -43 -44 -45 -46 47 -48 -49 -50 -51 52 -53 54 -55 56 -57 -58 -59 -60 61 62 -63 -64 65 -66 -67 68 -69 -70 -71 -72 73 -74 -75 0
uf75-09 31861 1 2 -3 4 -5 6 7 8 9 -10 11 12 13 -14 -15 -16 -17 18 -19 -20 -21 22 -23 24 25 -26 27 28 -29 30 31 32 -33 -34 -35 36 -37 -38 39 40 -41 -42 -43 -44 45 46 -47 48 -49 50 51 -52 53 54 55 -56 -57 58 59 -60 61 62 63 64 -65 66 -67 68 69 -70 -71 -72 73 -74 75 0
uf75-090 42731 1 -2 3 -4 -5 6 7 -8 9 10 11 12 13 -14 -15 -16 17 -18 -19 20 -21 22 23 -24 25 26 -27 -28 -29 -30 -31 -32 -33 -34 -35 -36 -37 38 -39 40 41 -42 43 44 45 -46 47 48 49 -50 -51 52 53 54 -55 -56 57 58 -59 -60 61 62 63 -64 65 -66 67 -68 69 70 71 -72 -73 74 75 0
uf75-091 33745 1 2 -3 4 5 6 7 -8 -9 -10 11 12 13 14 15 16 17 18 19 -20 21 -22 -23 24 -25 26 27 -28 29 30 31 -32 -33 -34 35 36 -37 -38 39 40 -41 -42 43 -44 45 -46 -47 -48 49 -50 -51 52 53 54 55 56 -57 -58 59 -60 -61 -62 63 -64 -65 66 67 -68 -69 70 71 -72 -73 -74 75 0
uf75-092 26382 1 -2 -3 -4 5 -6 7 8 9 -10 11 -12 13 -14 -15 16 17 18 -19 -20 -21 22 23 -24 25 26 27 -28 29 -30 31 -32 33 -34 35 36 -37 -38 -39 -40 -41 42 -43 44 -45 46 47 -48 -49 50 51 -52 53 54 55 56 57 -58 -59 60 -61 62 63 -64 65 66 67 -68 69 -70 71 -72 -73 -74 -75 0
uf75-093 27666 -1 -2 -3 4 -5 -6 -7 8 9 10 -11 12 13 -14 15 -16 17 18 19 20 -21 22 23 24 25 -26 27 -28 29 30 -31 -32 33 34 35 -36 37 38 -39 -40 -41 42 -43 -44 45 46 47 48 -49 -50 51 52 53 -54 -55 -56 -57 58 -59 -60 61 -62 63 64 65 -66 67 68 -69 70 -71 72 -73 74 75 0
uf75-094 24528 1 -2 -3 -4 -5 6 7 8 -9 -10 -11 12 -13 14 15 16 -17 18 19 -20 -21 22 23 -24 -25 -26 -27 -28 29 30 31 -32 33 34 -35 -36 37 38 39 40 -41 -42 43 -44 45 46 -47 48 -49 50 -51 -52 53 -54 -55 56 -57 -58 -59 60 61 -62 -63 -64 65 -66 67 -68 -69 70 -71 72 73 -74 -75 0
uf75-095 8789 -1 -2 -3 -4 5 6 7 8 9 -10 11 -12 -13 14 15 -16 17 18 19 -20 21 22 23 -24 25 -26 -27 -28 -29 -30 -31 -32 -33 34 35 -36 37 38 39 40 -41 42 43 44 45 -46 47 48 -49 -50 51 52 -53 -54 -55 56 57 -58 -59 -60 -61 62 63 -64 65 66 67 -68 69 70 -71 72 73 74 -75 0
uf75-096 11404 -1 2 3 4 -5 6 7 8 -9 -10 -11 -12 -13 -14 -15 16 17 18 19 -20 -21 -22 -23 24 25 26 -27 28 -29 30 -31 32 33 34 -35 36 37 -38 -39 40 41 42 43 44 45 -46 47 48 49 50 -51 52 53 54 55 56 57 58 59 60 -61 -62 63 64 65 -66 67 68 69 -70 71 -72 73 -74 75 0
uf75-097 11278 -1 2 -3 4 5 6 7 8 -9 -10 11 12 -13 14 15 16 17 18 19 20 -21 22 23 24 25 26 -27 28 -29 -30 31 -32 33 34 35 36 37 38 39 -40 -41 -42 -43 44 45 46 47 48 -49 50 51 52 53 54 55 -56 57 -58 59 -60 -61 -62 -63 -64 -65 -66 67 -68 69 70 71 72 73 -74 75 0
uf75-098 27108 -1 -2 3 -4 5 -6 7 -8 9 10 -11 12 13 14 15 16 17 18 -19 -20 21 22 23 24 -25 -26 -27 28 29 30 -31 -32 -33 34 35 36 37 38 39 -40 41 42 -43 -44 -45 46 -47 -48 -49 50 -51 52 53 54 -55 56 57 58 59 60 61 -62 63 -64 65 -66 -67 68 69 -70 -71 72 -73 74 75 0
uf75-099 12780 -1 2 -3 -4 5 6 -7 -8 -9 -10 -11 -12 -13 14 15 16 -17 -18 19 20 21 22 23 -24 -25 -26 27 28 -29 -30 -31 32 33 34 -35 36 37 38 39 -40 -41 42 -43 -44 45 46 -47 -48 49 -50 51 52 53 -54 55 -56 57 -58 -59 60 61 62 -63 64 -65 66 67 -68 69 -70 -71 -72 73 -74 -75 0
