uf75-01 20466 1 2 3 4 5 6 -7 -8 9 10 -11 -12 -13 -14 15 -16 17 -18 -19 -20 -21 -22 -23 24 -25 26 27 -28 29 -30 31 -32 33 34 35 36 -37 38 39 -40 -41 42 43 -44 -45 46 47 -48 49 -50 -51 -52 -53 -54 -55 56 57 -58 59 60 61 62 -63 64 65 -66 -67 68 69 70 -71 72 73 -74 -75 0
uf75-010 18638 1 2 -3 4 5 6 -7 8 9 -10 11 12 13 -14 -15 -16 -17 -18 19 -20 -21 22 23 -24 25 26 27 28 29 30 -31 32 33 -34 -35 36 -37 38 -39 40 41 42 -43 44 45 -46 47 48 -49 -50 -51 -52 -53 54 -55 -56 57 58 59 60 -61 -62 -63 -64 -65 66 -67 -68 -69 70 71 72 -73 74 -75 0
uf75-0100 26573 1 2 3 -4 -5 6 -7 8 -9 10 11 -12 -13 14 -15 16 17 -18 -19 -20 -21 22 23 -24 25 26 27 28 29 30 31 -32 -33 34 -35 -36 37 -38 39 -40 41 42 43 -44 45 46 -47 48 49 50 51 -52 53 54 -55 56 -57 -58 59 60 61 62 63 -64 65 66 67 -68 -69 70 71 72 -73 -74 -75 0
uf75-011 21430 -1 2 3 4 -5 6 7 8 9 10 11 12 -13 -14 15 -16 -17 -18 19 -20 21 -22 23 -24 25 26 -27 28 29 -30 -31 -32 33 34 -35 36 37 -38 -39 -40 41 42 -43 44 45 46 47 48 -49 50 51 -52 53 -54 55 56 57 58 59 -60 61 -62 63 -64 -65 -66 67 -68 -69 70 71 -72 -73 74 75 0
uf75-012 26137 1 -2 3 -4 -5 6 7 8 9 10 -11 -12 13 -14 -15 16 -17 -18 19 20 -21 -22 23 -24 25 -26 -27 28 29 30 31 32 -33 34 35 36 37 38 -39 -40 -41 42 43 44 45 46 -47 -48 -49 50 -51 52 -53 54 -55 -56 -57 58 59 -60 -61 62 63 64 65 -66 -67 -68 -69 -70 71 72 73 -74 75 0
uf75-013 24689 -1 2 3 4 5 6 -7 -8 -9 10 11 -12 13 -14 15 16 17 -18 -19 20 21 22 -23 -24 25 26 27 28 29 -30 31 32 33 34 -35 36 37 38 39 -40 -41 42 43 -44 -45 -46 47 48 -49 50 51 52 53 -54 55 -56 -57 58 -59 60 61 62 -63 -64 -65 66 67 68 69 70 71 72 73 -74 -75 0
uf75-014 23511 -1 -2 -3 -4 -5 6 -7 -8 -9 10 -11 12 13 -14 -15 16 17 18 19 20 21 22 23 24 -25 26 27 28 29 30 -31 -32 -33 34 35 36 37 38 -39 -40 41 42 -43 -44 45 46 -47 48 -49 50 -51 -52 53 54 -55 56 57 58 -59 60 -61 62 -63 64 -65 -66 -67 68 -69 70 71 -72 -73 -74 75 0
uf75-015 26123 1 2 3 4 5 6 -7 -8 -9 -10 -11 -12 13 14 -15 -16 -17 -18 -19 -20 -21 22 23 24 25 26 27 28 -29 -30 31 32 33 34 35 36 -37 38 39 -40 -41 42 43 44 45 -46 -47 48 -49 -50 51 -52 53 54 -55 56 57 58 59 -60 -61 -62 63 -64 65 -66 -67 -68 69 70 71 72 -73 74 75 0
uf75-016 25071 -1 -2 3 4 5 6 7 -8 9 10 -11 12 13 14 -15 16 -17 18 -19 20 -21 22 -23 -24 25 26 -27 -28 -29 -30 31 -32 -33 34 -35 36 37 38 -39 -40 41 -42 -43 44 -45 46 -47 48 49 -50 -51 -52 53 -54 -55 56 -57 -58 59 60 61 62 -63 64 65 -66 -67 68 -69 70 71 72 73 -74 75 0
uf75-017 21278 -1 -2 3 4 -5 6 -7 8 -9 -10 -11 12 13 -14 15 16 -17 18 -19 -20 21 -22 -23 -24 25 26 -27 -28 29 -30 31 -32 -33 -34 -35 36 -37 -38 -39 -40 -41 42 43 44 -45 46 47 48 49 50 51 52 53 54 55 56 57 58 -59 -60 -61 -62 63 -64 65 66 67 -68 69 70 71 72 73 -74 75 0
uf75-018 21576 -1 -2 3 -4 5 6 -7 -8 9 -10 -11 12 -13 -14 15 -16 -17 -18 -19 20 21 -22 -23 24 25 26 27 28 29 -30 -31 32 33 34 35 36 37 -38 39 -40 -41 42 43 -44 45 -46 -47 48 49 50 51 -52 53 54 -55 -56 57 58 -59 60 -61 62 63 64 65 -66 -67 -68 -69 70 71 -72 -73 -74 75 0
uf75-019 25800 -1 2 3 4 -5 6 -7 -8 9 -10 11 -12 13 -14 15 16 -17 18 -19 20 21 22 23 -24 -25 26 27 28 29 30 31 32 33 34 35 -36 37 -38 39 -40 -41 -42 43 -44 -45 -46 47 48 49 50 51 -52 -53 54 55 -56 -57 -58 -59 -60 61 -62 -63 -64 -65 -66 67 -68 -69 70 -71 -72 73 74 75 0
uf75-02 25305 -1 -2 3 4 -5 -6 7 -8 -9 10 11 12 13 -14 15 -16 -17 18 -19 20 21 22 23 24 25 -26 27 28 -29 30 31 -32 33 -34 -35 36 -37 38 -39 40 -41 42 -43 -44 -45 -46 47 48 -49 50 -51 52 -53 -54 -55 -56 -57 58 59 60 61 62 63 64 65 66 67 68 69 -70 -71 72 -73 74 75 0
uf75-020 31523 1 -2 3 4 -5 6 7 8 9 10 11 12 13 14 -15 16 17 18 -19 -20 21 -22 23 24 -25 26 -27 28 29 -30 31 32 33 34 35 36 37 38 -39 40 41 42 -43 -44 -45 46 47 -48 -49 -50 51 -52 53 54 55 56 -57 58 -59 -60 -61 62 63 64 65 -66 -67 68 69 70 71 72 73 -74 75 0
uf75-021 28700 1 2 3 -4 -5 -6 -7 -8 9 10 11 12 13 14 15 -16 17 18 19 20 21 -22 23 24 25 26 27 -28 29 30 31 32 -33 34 -35 36 37 -38 39 40 41 42 43 44 45 -46 47 48 -49 50 -51 52 53 -54 55 56 57 -58 -59 -60 61 -62 -63 64 65 66 -67 68 69 -70 71 72 -73 74 75 0
uf75-022 24729 1 2 -3 4 5 -6 7 8 9 -10 11 12 13 -14 -15 16 17 18 -19 20 21 -22 23 24 -25 26 -27 -28 29 30 -31 -32 -33 34 35 36 37 -38 -39 -40 -41 42 43 44 45 -46 47 -48 49 -50 51 52 53 54 55 56 -57 58 59 60 61 62 -63 -64 -65 -66 -67 68 -69 70 -71 72 73 74 -75 0
uf75-023 22437 -1 2 3 -4 -5 6 -7 8 -9 -10 11 -12 13 -14 15 -16 -17 -18 19 20 21 -22 -23 -24 25 -26 -27 28 -29 -30 31 32 33 34 -35 36 37 38 -39 -40 41 -42 43 -44 -45 46 47 48 -49 50 51 52 53 54 55 -56 57 -58 -59 -60 -61 -62 63 64 65 -66 -67 -68 -69 70 71 72 -73 -74 75 0
uf75-024 20396 1 -2 -3 4 -5 -6 -7 -8 -9 -10 11 -12 -13 -14 -15 16 17 -18 19 -20 21 22 23 24 -25 -26 27 -28 29 30 31 -32 -33 34 -35 -36 37 -38 -39 40 41 42 -43 -44 45 -46 47 -48 49 -50 -51 52 53 54 55 56 57 58 59 -60 61 -62 -63 -64 65 66 -67 68 -69 -70 71 -72 -73 -74 75 0
uf75-025 27551 1 2 -3 4 5 -6 7 -8 -9 10 11 12 13 14 -15 -16 -17 18 19 -20 -21 22 23 24 25 26 27 28 29 -30 31 32 33 34 -35 -36 37 38 39 40 41 -42 43 44 -45 -46 47 48 49 -50 51 -52 53 -54 55 56 -57 58 59 -60 61 -62 63 -64 65 66 67 68 69 -70 -71 72 -73 -74 75 0
uf75-026 16092 -1 -2 3 -4 -5 -6 -7 -8 -9 -10 -11 -12 13 -14 -15 16 -17 18 19 -20 21 -22 -23 -24 25 -26 -27 -28 -29 30 -31 -32 33 34 35 36 37 -38 -39 -40 41 -42 43 -44 45 -46 47 -48 49 -50 51 52 -53 54 55 56 -57 -58 59 -60 61 62 -63 64 -65 66 -67 68 -69 70 -71 72 -73 -74 75 0
uf75-027 15724 -1 2 3 4 5 -6 -7 8 9 10 -11 12 -13 -14 15 16 17 -18 19 20 -21 -22 23 -24 -25 -26 -27 -28 -29 30 -31 32 33 34 -35 -36 -37 -38 39 40 41 -42 43 -44 45 46 -47 -48 -49 -50 -51 52 53 -54 -55 56 -57 -58 -59 60 61 -62 63 -64 -65 -66 67 68 69 70 71 -72 -73 74 75 0
uf75-028 25348 -1 -2 -3 4 -5 6 7 8 -9 -10 11 12 13 14 15 -16 -17 18 -19 20 -21 -22 23 -24 25 26 -27 28 29 30 -31 32 -33 34 -35 36 -37 -38 39 40 -41 -42 43 44 45 -46 47 -48 -49 50 51 -52 53 54 55 56 -57 -58 59 -60 61 62 63 -64 65 66 -67 -68 69 -70 71 -72 73 -74 75 0
uf75-029 15566 -1 -2 -3 -4 -5 6 7 8 9 10 -11 12 13 -14 15 16 -17 -18 19 20 -21 22 -23 24 -25 -26 -27 28 29 30 -31 -32 -33 -34 -35 36 37 38 39 40 41 42 -43 -44 -45 46 47 48 -49 50 51 52 53 -54 -55 56 -57 58 59 60 -61 62 -63 -64 -65 -66 -67 68 69 70 -71 -72 -73 -74 -75 0
uf75-03 24453 -1 -2 -3 -4 -5 6 -7 -8 -9 10 -11 -12 13 14 -15 -16 -17 -18 19 20 21 22 23 -24 -25 -26 27 -28 29 -30 31 -32 33 34 -35 36 37 38 39 40 -41 42 43 -44 -45 -46 -47 48 49 -50 51 -52 53 -54 -55 56 57 58 59 60 61 -62 63 -64 65 -66 67 68 69 -70 71 -72 -73 -74 -75 0
uf75-030 22741 1 2 3 4 -5 6 7 -8 -9 -10 -11 12 13 14 15 16 -17 -18 19 20 21 -22 -23 -24 -25 -26 27 -28 -29 -30 -31 32 -33 34 35 36 -37 -38 39 40 -41 -42 43 -44 -45 46 47 -48 -49 50 -51 52 53 -54 55 56 -57 58 59 60 61 -62 -63 -64 65 -66 -67 68 69 70 -71 -72 -73 -74 75 0
uf75-031 26208 1 -2 3 4 5 -6 7 8 9 10 11 12 13 -14 -15 -16 17 -18 -19 -20 -21 22 -23 24 25 -26 -27 -28 29 -30 31 32 -33 34 35 36 37 38 -39 -40 41 42 43 -44 45 46 47 -48 49 50 -51 -52 53 54 55 -56 -57 58 -59 60 61 62 -63 64 -65 66 -67 68 -69 -70 71 72 73 74 -75 0
uf75-032 25279 -1 2 -3 -4 -5 6 -7 8 9 10 -11 12 13 14 -15 -16 17 -18 19 20 -21 -22 23 24 25 -26 27 28 -29 -30 31 32 33 34 35 -36 37 38 -39 -40 -41 42 -43 -44 -45 46 -47 48 -49 50 -51 52 53 54 -55 56 57 -58 59 60 -61 -62 63 64 65 -66 67 -68 -69 70 71 72 73 -74 -75 0
uf75-033 19507 -1 -2 3 -4 5 -6 -7 8 -9 10 11 -12 -13 14 15 -16 -17 18 19 20 -21 -22 -23 -24 -25 -26 27 -28 29 -30 -31 -32 -33 -34 -35 36 -37 38 39 40 -41 42 43 -44 -45 46 47 48 49 50 51 -52 53 54 -55 56 57 -58 59 60 -61 62 63 64 65 66 67 -68 69 -70 71 -72 -73 74 75 0
uf75-034 20186 -1 -2 -3 -4 5 -6 -7 8 -9 10 -11 12 13 14 -15 -16 -17 18 -19 20 -21 22 -23 -24 25 26 27 28 -29 30 31 32 -33 34 -35 36 37 38 39 40 41 -42 43 44 45 -46 -47 -48 -49 -50 51 52 -53 -54 55 -56 -57 58 59 -60 61 -62 63 64 65 -66 -67 -68 -69 70 71 -72 73 -74 75 0
uf75-035 27711 -1 -2 3 4 5 -6 7 8 9 10 -11 12 13 14 -15 16 17 18 -19 20 -21 22 23 24 25 26 27 -28 -29 -30 -31 32 -33 -34 35 36 37 38 39 -40 41 -42 43 -44 45 46 -47 -48 -49 50 -51 52 -53 54 55 -56 -57 58 -59 60 61 62 63 64 65 -66 67 68 69 70 -71 -72 -73 74 75 0
uf75-036 27933 1 -2 3 -4 -5 6 7 -8 9 10 11 12 13 14 15 16 17 -18 -19 20 -21 -22 23 24 25 -26 -27 28 -29 -30 31 32 33 34 35 36 -37 38 -39 40 -41 42 -43 -44 45 46 -47 48 -49 -50 -51 -52 53 54 -55 -56 -57 58 -59 60 61 62 63 64 65 66 67 -68 69 70 71 -72 -73 74 -75 0
uf75-037 27370 -1 2 -3 -4 5 -6 -7 -8 -9 10 -11 -12 -13 14 15 -16 17 -18 -19 20 21 22 23 24 25 26 27 28 -29 -30 31 32 -33 34 35 36 -37 -38 39 40 41 42 -43 -44 45 46 47 48 49 50 51 52 -53 54 55 56 57 58 59 -60 -61 -62 63 64 -65 66 -67 68 -69 -70 71 72 -73 -74 -75 0
uf75-038 25801 -1 2 3 4 5 -6 -7 8 -9 10 -11 -12 13 14 -15 16 -17 -18 -19 20 -21 22 23 24 25 26 27 28 29 -30 31 32 -33 34 35 -36 -37 -38 -39 -40 41 -42 43 44 45 46 47 -48 -49 -50 -51 52 -53 -54 -55 56 -57 -58 -59 60 61 62 63 64 65 66 67 -68 -69 70 71 -72 73 -74 -75 0
uf75-039 25506 1 2 3 -4 -5 -6 -7 8 -9 -10 11 -12 13 14 15 -16 17 -18 19 20 -21 -22 -23 24 25 26 -27 28 -29 -30 31 32 -33 34 -35 36 37 38 39 -40 41 42 43 44 -45 -46 -47 48 -49 -50 -51 52 53 -54 -55 56 57 58 59 -60 61 -62 63 64 65 66 -67 -68 -69 70 71 72 -73 74 -75 0
uf75-04 27932 -1 2 -3 -4 -5 6 -7 8 -9 10 11 -12 13 -14 15 16 -17 -18 19 20 -21 22 23 24 25 26 27 28 29 -30 31 32 33 -34 -35 -36 37 -38 39 40 41 -42 43 -44 45 46 -47 -48 -49 -50 51 -52 53 -54 -55 56 57 -58 59 -60 61 62 63 64 65 -66 67 68 69 -70 71 -72 73 -74 75 0
uf75-040 24296 -1 2 -3 4 5 -6 7 8 9 -10 11 12 13 14 15 16 17 18 -19 20 21 22 23 -24 -25 -26 -27 -28 -29 30 31 -32 33 -34 -35 -36 37 -38 -39 40 -41 42 43 -44 45 -46 47 -48 -49 -50 51 52 -53 54 -55 56 57 -58 -59 -60 61 -62 63 -64 -65 66 -67 -68 69 -70 71 72 73 -74 -75 0
uf75-041 25576 1 -2 3 -4 5 6 -7 -8 -9 -10 11 12 13 -14 -15 16 -17 18 19 -20 -21 -22 -23 24 25 26 -27 -28 29 30 31 -32 -33 34 35 36 37 -38 -39 40 -41 42 -43 44 -45 -46 47 48 -49 -50 -51 52 -53 54 55 56 -57 58 59 60 -61 62 -63 -64 -65 66 -67 68 -69 70 -71 72 73 74 75 0
uf75-042 24792 -1 -2 -3 -4 -5 6 7 8 9 -10 11 12 -13 14 15 -16 -17 -18 19 -20 -21 22 23 -24 -25 26 -27 28 -29 30 -31 -32 33 34 -35 -36 37 -38 -39 40 41 42 43 44 45 46 47 48 49 50 -51 -52 53 -54 55 56 57 58 59 -60 -61 62 63 -64 65 -66 67 68 -69 70 71 72 73 74 -75 0
uf75-043 21394 1 2 3 4 5 6 7 8 -9 10 -11 12 -13 14 15 16 -17 18 19 -20 21 -22 -23 24 -25 -26 27 28 -29 30 -31 -32 -33 -34 -35 -36 37 -38 -39 -40 -41 -42 43 -44 -45 46 47 48 49 -50 51 -52 -53 -54 55 -56 57 -58 -59 60 -61 62 63 64 65 -66 -67 68 -69 70 -71 72 73 74 -75 0
uf75-044 23558 1 2 3 4 -5 -6 -7 -8 -9 -10 -11 12 -13 14 -15 -16 -17 18 -19 -20 -21 -22 23 -24 25 26 27 28 -29 -30 -31 -32 33 34 35 36 37 38 -39 40 41 42 -43 -44 45 -46 -47 -48 49 -50 51 52 53 54 55 -56 57 -58 -59 60 61 -62 -63 64 -65 66 67 68 -69 -70 -71 -72 73 74 75 0
uf75-045 24209 -1 -2 3 -4 5 -6 -7 -8 9 -10 -11 12 13 14 -15 16 17 -18 19 -20 -21 -22 23 -24 25 -26 27 28 -29 30 31 32 -33 34 35 -36 37 -38 39 40 -41 42 -43 44 -45 46 47 -48 49 -50 -51 52 -53 -54 55 56 57 58 59 -60 61 62 -63 64 65 -66 67 68 -69 -70 71 -72 73 74 -75 0
uf75-046 25239 1 -2 3 4 -5 -6 7 -8 9 -10 -11 -12 -13 14 15 -16 -17 -18 -19 -20 21 22 23 24 25 -26 -27 28 -29 30 -31 -32 -33 34 35 36 37 38 39 -40 -41 -42 43 44 45 -46 47 -48 -49 -50 51 52 53 54 55 -56 -57 -58 59 60 61 62 -63 64 -65 -66 -67 -68 69 70 71 72 -73 74 -75 0
uf75-047 19379 1 2 3 4 5 -6 7 -8 -9 -10 -11 -12 13 -14 -15 -16 17 -18 19 -20 -21 -22 -23 -24 25 26 -27 28 -29 30 31 32 -33 -34 35 36 37 -38 39 40 41 42 43 -44 45 46 -47 48 -49 -50 -51 -52 -53 54 55 56 -57 58 -59 -60 61 62 -63 64 65 66 -67 68 69 -70 71 72 -73 74 -75 0
uf75-048 17391 1 2 -3 4 -5 -6 -7 -8 -9 10 11 -12 13 14 -15 -16 -17 18 -19 -20 -21 -22 23 24 -25 26 -27 -28 -29 -30 -31 32 33 -34 35 -36 37 38 -39 -40 -41 42 43 44 45 46 47 -48 -49 -50 -51 -52 53 -54 -55 -56 -57 58 59 60 61 62 63 64 -65 66 -67 68 -69 70 -71 72 -73 -74 75 0
uf75-049 20793 1 2 3 -4 -5 -6 -7 8 -9 -10 -11 12 13 -14 15 16 17 18 19 -20 21 22 -23 24 -25 -26 27 -28 29 -30 31 32 -33 34 35 36 -37 -38 -39 40 41 -42 43 -44 -45 -46 47 -48 49 -50 51 52 53 54 55 56 -57 58 -59 60 -61 -62 -63 64 -65 66 67 68 69 70 -71 -72 73 74 75 0
uf75-05 26883 -1 2 -3 -4 5 6 7 8 -9 10 11 -12 -13 14 -15 -16 17 18 -19 20 21 22 23 24 -25 -26 -27 -28 29 30 31 32 33 34 35 -36 -37 -38 39 40 -41 42 43 -44 -45 46 47 -48 49 -50 51 52 -53 -54 55 56 57 58 59 60 61 -62 -63 -64 -65 66 -67 -68 69 70 -71 -72 73 -74 75 0
uf75-050 24488 1 2 3 -4 -5 -6 -7 -8 -9 10 11 12 -13 14 -15 16 17 18 -19 20 -21 -22 23 -24 -25 -26 27 28 29 -30 31 32 33 -34 35 -36 37 38 39 40 -41 42 -43 -44 45 46 47 48 49 50 -51 -52 53 54 55 -56 57 58 -59 60 61 62 63 64 65 -66 -67 68 69 -70 71 72 -73 74 -75 0
uf75-051 26586 -1 2 3 4 5 -6 7 8 9 -10 11 -12 13 -14 -15 -16 17 18 19 -20 21 -22 -23 24 -25 -26 -27 28 -29 30 31 -32 -33 34 -35 36 37 -38 -39 40 41 -42 43 -44 45 46 -47 48 49 50 51 52 -53 -54 55 56 -57 -58 -59 60 61 -62 63 64 -65 66 67 68 -69 70 -71 72 -73 74 -75 0
uf75-052 22234 -1 2 -3 4 5 6 7 -8 -9 10 -11 12 13 -14 -15 16 -17 18 -19 -20 21 22 -23 -24 -25 -26 27 -28 -29 30 31 32 33 34 -35 36 -37 -38 -39 40 41 42 -43 -44 45 -46 -47 48 -49 -50 -51 -52 -53 54 55 -56 57 58 -59 60 -61 62 63 -64 -65 -66 67 -68 69 70 71 -72 -73 74 75 0
uf75-053 23963 -1 -2 -3 -4 -5 -6 7 -8 9 10 11 12 13 -14 15 16 -17 -18 19 -20 -21 22 23 24 -25 -26 27 28 -29 -30 31 -32 -33 34 35 36 -37 38 -39 40 41 -42 43 -44 45 -46 47 -48 -49 50 -51 52 53 -54 -55 -56 57 58 59 -60 61 -62 -63 64 65 66 67 -68 69 70 71 72 73 -74 -75 0
uf75-054 19959 -1 -2 3 4 5 6 7 -8 -9 -10 11 -12 13 14 -15 -16 17 -18 19 20 21 22 23 24 25 26 -27 -28 29 -30 -31 -32 -33 34 35 -36 -37 -38 39 40 41 -42 43 -44 -45 -46 47 48 49 50 -51 52 53 -54 -55 56 -57 58 -59 60 -61 -62 -63 -64 -65 66 67 -68 69 70 71 -72 73 74 -75 0
uf75-055 25800 1 -2 -3 4 -5 -6 7 8 9 -10 11 -12 13 -14 15 16 17 18 19 -20 -21 -22 23 24 25 -26 -27 28 29 30 31 32 33 34 -35 -36 -37 38 39 40 41 -42 -43 -44 -45 -46 47 -48 -49 50 51 -52 -53 -54 55 -56 57 -58 59 60 -61 -62 -63 64 -65 66 -67 68 -69 70 71 72 73 -74 -75 0
uf75-056 22534 1 -2 3 4 -5 6 -7 -8 -9 10 11 12 13 14 15 -16 17 -18 19 20 21 22 -23 -24 25 26 -27 -28 -29 -30 -31 32 33 34 -35 -36 37 38 39 40 41 -42 43 44 -45 46 -47 48 49 -50 51 -52 53 -54 -55 56 -57 -58 -59 60 61 -62 -63 64 -65 -66 -67 -68 69 70 -71 72 73 -74 -75 0
uf75-057 22436 -1 2 3 4 -5 6 -7 -8 -9 10 -11 12 -13 -14 -15 16 17 -18 19 20 -21 -22 -23 24 25 -26 -27 28 -29 30 -31 -32 -33 -34 35 36 37 -38 -39 -40 41 42 -43 44 45 -46 47 -48 -49 50 -51 52 -53 -54 -55 56 -57 58 -59 60 61 62 63 -64 65 66 67 68 -69 70 -71 72 -73 -74 -75 0
uf75-058 28282 -1 2 3 -4 -5 6 7 8 9 10 11 -12 13 -14 -15 -16 17 -18 19 20 21 22 23 24 25 26 -27 -28 -29 30 31 32 33 -34 35 36 -37 38 39 40 41 -42 43 -44 45 -46 -47 -48 -49 50 51 52 53 -54 -55 56 57 58 59 60 -61 -62 63 64 65 66 -67 68 -69 70 71 -72 -73 -74 75 0
uf75-059 25013 -1 -2 -3 -4 5 6 7 8 9 -10 11 -12 13 14 15 16 17 18 19 20 -21 -22 23 -24 25 26 -27 -28 -29 30 -31 -32 33 -34 35 36 -37 -38 -39 40 41 42 -43 44 -45 46 47 48 49 -50 51 -52 53 54 55 -56 57 -58 59 60 61 62 63 64 65 -66 67 68 69 70 71 -72 73 -74 75 0
uf75-06 20372 1 -2 -3 4 5 -6 -7 8 -9 -10 -11 -12 13 14 15 16 17 18 19 -20 -21 -22 -23 24 25 26 27 -28 29 30 -31 32 33 34 35 36 37 -38 39 40 -41 -42 -43 44 -45 46 47 48 -49 50 -51 -52 -53 54 -55 56 -57 -58 59 60 61 62 -63 64 -65 -66 67 68 -69 70 71 -72 73 -74 -75 0
uf75-060 24052 -1 2 -3 4 5 -6 -7 8 9 -10 -11 12 13 14 15 16 17 -18 19 -20 21 -22 23 -24 -25 26 -27 -28 -29 -30 -31 -32 33 34 -35 36 37 38 -39 40 -41 -42 43 44 45 46 47 48 -49 -50 -51 52 -53 54 55 56 -57 58 59 -60 61 62 -63 64 65 -66 -67 -68 69 70 -71 72 73 -74 -75 0
uf75-061 23820 1 2 3 -4 5 6 7 8 9 -10 -11 12 13 14 15 16 -17 18 -19 -20 21 -22 -23 24 25 -26 27 -28 -29 30 -31 -32 33 -34 -35 -36 -37 38 39 40 -41 42 43 44 -45 46 -47 48 49 50 -51 -52 53 -54 55 56 -57 58 -59 60 -61 -62 -63 64 -65 -66 67 -68 -69 70 71 72 73 -74 -75 0
uf75-062 25574 1 2 -3 -4 5 -6 7 -8 9 -10 11 12 13 14 -15 16 -17 18 19 -20 -21 -22 23 -24 -25 -26 -27 -28 -29 -30 31 32 33 34 -35 36 37 -38 -39 -40 41 -42 -43 44 45 46 47 48 -49 -50 51 52 -53 -54 -55 56 -57 -58 59 60 -61 62 -63 64 -65 66 67 -68 69 -70 71 72 73 74 75 0
uf75-063 24505 1 2 3 -4 -5 -6 -7 8 9 -10 -11 -12 -13 -14 15 -16 -17 18 -19 20 21 22 23 24 25 26 -27 -28 29 -30 31 -32 33 -34 -35 36 37 38 39 40 41 42 -43 -44 45 -46 -47 48 -49 50 51 -52 53 54 55 -56 -57 58 59 -60 61 62 63 64 65 -66 -67 -68 69 70 -71 72 -73 74 75 0
uf75-064 16049 1 2 3 -4 5 6 7 8 9 10 11 12 -13 -14 -15 -16 -17 -18 19 20 -21 -22 23 -24 -25 26 -27 -28 29 30 -31 -32 33 -34 -35 36 37 -38 39 -40 -41 42 -43 -44 45 46 -47 -48 49 -50 -51 52 53 54 -55 56 -57 -58 -59 60 -61 -62 63 -64 65 66 -67 68 69 -70 -71 -72 73 -74 -75 0
uf75-065 20812 -1 -2 3 4 -5 6 7 8 -9 10 11 12 -13 -14 15 -16 17 -18 19 20 -21 22 23 24 -25 26 27 28 -29 -30 31 -32 -33 -34 -35 -36 -37 -38 39 -40 -41 -42 -43 -44 45 46 47 -48 -49 -50 -51 -52 53 54 55 -56 57 -58 59 -60 61 62 -63 64 -65 -66 -67 68 69 70 -71 -72 73 74 75 0
uf75-066 25075 1 2 3 4 -5 -6 7 8 9 -10 11 12 13 -14 -15 16 17 -18 19 20 -21 -22 -23 24 -25 -26 -27 28 29 -30 -31 -32 -33 34 -35 -36 -37 -38 39 40 41 -42 43 44 -45 46 47 48 49 50 51 -52 53 54 -55 -56 57 -58 59 60 61 -62 63 64 65 66 -67 68 -69 70 71 -72 73 74 75 0
uf75-067 22213 1 -2 -3 4 -5 6 -7 -8 -9 -10 11 12 -13 -14 15 16 -17 18 -19 -20 21 22 23 -24 25 -26 27 28 -29 30 -31 -32 -33 34 -35 36 -37 -38 -39 40 -41 -42 43 -44 -45 -46 47 -48 49 50 -51 -52 -53 54 -55 56 57 58 59 -60 61 -62 63 64 65 66 -67 68 -69 -70 71 -72 73 74 75 0
uf75-068 25162 1 2 -3 -4 -5 6 7 -8 -9 10 11 -12 13 14 -15 16 17 -18 -19 -20 -21 22 23 24 25 26 27 -28 29 30 31 32 33 34 35 36 -37 38 39 -40 -41 42 -43 44 45 46 -47 -48 -49 -50 51 52 53 54 -55 -56 -57 -58 59 60 61 62 -63 64 65 -66 67 68 69 70 71 -72 73 -74 -75 0
uf75-069 18245 -1 -2 -3 4 -5 -6 7 8 -9 10 -11 12 13 -14 -15 16 -17 18 -19 -20 -21 22 -23 24 25 -26 27 -28 29 30 31 32 33 -34 35 36 37 38 39 -40 -41 -42 43 -44 45 -46 -47 -48 -49 -50 -51 -52 53 -54 -55 -56 57 58 59 60 -61 62 63 -64 65 -66 67 -68 -69 -70 -71 -72 -73 74 -75 0
uf75-07 18599 1 2 3 4 5 -6 7 -8 -9 10 -11 -12 -13 -14 -15 -16 -17 -18 -19 -20 21 22 23 24 25 26 27 28 29 -30 -31 -32 -33 34 35 -36 37 -38 39 -40 41 -42 43 -44 -45 46 -47 -48 -49 50 51 52 -53 54 -55 56 -57 -58 59 60 -61 -62 -63 64 65 66 -67 -68 69 -70 71 -72 -73 74 75 0
uf75-070 25389 -1 -2 3 -4 5 6 7 8 9 10 11 -12 -13 -14 15 16 17 18 -19 20 -21 22 23 24 25 26 27 -28 29 -30 31 32 -33 34 -35 -36 -37 -38 39 -40 -41 -42 43 44 45 -46 -47 -48 49 -50 51 -52 53 -54 55 56 57 58 59 -60 -61 62 63 64 65 66 67 -68 -69 -70 71 -72 73 -74 -75 0
uf75-071 19414 -1 -2 -3 4 -5 6 -7 8 9 -10 11 -12 13 -14 -15 16 -17 18 -19 -20 -21 -22 23 24 -25 26 -27 28 29 -30 -31 -32 -33 -34 -35 36 37 38 39 -40 -41 42 -43 44 45 -46 -47 48 -49 -50 -51 52 53 54 55 56 -57 58 59 -60 -61 -62 63 64 -65 66 67 68 -69 -70 71 72 73 -74 75 0
uf75-072 18100 -1 2 3 -4 5 -6 7 8 -9 -10 11 12 13 14 -15 -16 -17 -18 -19 -20 21 -22 23 -24 25 26 -27 -28 29 -30 31 -32 33 -34 -35 -36 37 38 39 40 -41 -42 -43 -44 45 46 -47 -48 -49 -50 51 52 -53 54 -55 56 -57 -58 -59 -60 61 -62 -63 64 -65 66 -67 -68 69 70 71 72 -73 74 75 0
uf75-073 18370 -1 -2 3 4 5 -6 7 8 -9 10 11 12 -13 14 -15 16 -17 -18 19 20 -21 -22 -23 24 -25 26 -27 -28 -29 30 -31 32 -33 -34 -35 -36 37 38 -39 40 41 -42 43 44 45 -46 47 -48 49 -50 -51 52 -53 54 55 -56 -57 -58 59 -60 61 -62 63 64 65 66 -67 68 69 -70 -71 -72 -73 74 75 0
uf75-074 18732 -1 2 3 4 -5 -6 -7 8 -9 10 -11 12 -13 -14 15 16 -17 -18 -19 -20 -21 22 23 24 25 26 -27 28 29 30 -31 -32 -33 -34 -35 36 37 -38 -39 40 41 -42 43 -44 45 46 -47 -48 -49 -50 51 52 -53 -54 -55 -56 57 -58 59 60 -61 -62 -63 -64 -65 -66 67 68 -69 70 71 72 -73 -74 75 0
uf75-075 25980 -1 -2 3 4 -5 6 -7 -8 -9 10 11 -12 -13 14 15 16 -17 18 19 -20 21 22 23 24 25 26 -27 28 29 30 31 32 33 34 -35 36 37 38 -39 40 -41 42 43 44 45 46 47 -48 49 50 -51 52 53 -54 55 56 57 -58 -59 60 61 62 -63 64 65 66 -67 -68 -69 70 -71 -72 73 74 -75 0
uf75-076 21436 -1 2 3 -4 -5 -6 -7 8 -9 10 11 -12 -13 -14 15 16 -17 18 19 20 21 22 -23 -24 -25 26 27 28 -29 -30 31 32 33 -34 -35 36 -37 38 39 40 41 -42 -43 -44 45 -46 -47 -48 -49 -50 51 -52 53 54 -55 -56 57 58 -59 60 61 -62 63 64 -65 66 67 -68 69 -70 71 -72 -73 74 75 0
uf75-077 26749 -1 2 3 4 5 6 -7 8 9 10 11 12 13 14 -15 -16 -17 18 -19 -20 21 22 23 24 25 -26 -27 28 29 30 31 32 -33 34 35 36 37 -38 -39 40 -41 -42 43 -44 -45 46 -47 -48 49 50 51 52 -53 54 55 56 -57 58 59 -60 -61 62 63 64 65 66 67 68 -69 70 71 72 73 74 75 0
uf75-078 25743 1 -2 3 -4 5 -6 -7 8 -9 10 -11 12 13 14 15 -16 17 -18 19 20 -21 22 23 24 25 -26 27 28 29 30 -31 -32 -33 -34 -35 -36 37 -38 39 40 -41 42 -43 44 -45 46 47 48 -49 50 -51 -52 53 54 55 56 57 58 -59 -60 -61 62 -63 64 -65 66 67 68 -69 70 71 -72 -73 74 75 0
uf75-079 20783 1 -2 -3 -4 -5 6 -7 8 -9 -10 -11 -12 13 14 15 16 17 -18 -19 20 21 -22 -23 24 -25 -26 -27 -28 29 30 31 32 33 34 35 36 37 -38 39 40 -41 42 43 44 45 -46 47 -48 49 50 -51 52 -53 54 -55 56 -57 58 -59 -60 -61 62 63 -64 65 66 -67 68 -69 -70 -71 -72 -73 -74 75 0
uf75-08 23468 1 2 3 4 5 -6 7 8 -9 10 -11 12 -13 14 15 16 -17 18 19 -20 -21 -22 -23 -24 25 26 -27 -28 29 -30 -31 -32 -33 -34 35 -36 -37 38 39 -40 -41 42 43 44 45 -46 47 48 49 50 -51 -52 -53 -54 55 -56 57 58 59 -60 61 -62 -63 64 65 -66 67 -68 -69 70 -71 -72 -73 74 75 0
uf75-080 21974 1 -2 -3 4 5 6 7 -8 9 10 11 12 13 14 -15 -16 17 18 -19 20 21 -22 23 -24 25 -26 27 -28 -29 -30 31 32 33 34 -35 -36 -37 -38 -39 -40 -41 -42 43 44 -45 -46 47 -48 -49 -50 -51 -52 53 -54 55 56 -57 -58 59 60 61 62 63 64 65 -66 -67 68 69 -70 71 72 73 -74 -75 0
uf75-081 21199 -1 2 -3 -4 5 -6 -7 8 9 -10 11 -12 -13 -14 15 16 17 -18 19 -20 21 -22 23 24 -25 26 -27 28 -29 30 -31 32 33 -34 -35 -36 37 38 -39 -40 -41 42 43 -44 -45 46 47 -48 -49 -50 51 52 53 -54 -55 56 57 58 -59 -60 -61 -62 -63 64 -65 -66 67 68 69 -70 -71 -72 73 -74 75 0
uf75-082 22393 1 2 -3 4 -5 6 -7 -8 9 10 -11 12 13 -14 -15 16 -17 18 19 20 21 -22 23 -24 25 26 -27 -28 29 30 -31 -32 -33 34 35 -36 -37 38 -39 40 -41 -42 -43 44 45 46 47 48 49 50 -51 -52 -53 -54 55 -56 57 -58 59 -60 61 62 63 -64 65 -66 67 68 69 -70 -71 72 -73 -74 75 0
uf75-083 23566 -1 -2 3 -4 5 -6 7 -8 -9 -10 11 -12 -13 14 15 -16 17 -18 19 20 21 22 -23 24 25 -26 -27 28 29 -30 31 -32 33 -34 -35 36 37 -38 39 -40 41 42 43 -44 45 46 -47 -48 49 -50 51 52 53 54 55 -56 -57 -58 -59 60 -61 -62 63 64 65 66 -67 -68 69 -70 71 72 -73 -74 -75 0
uf75-084 26807 -1 2 -3 -4 5 6 -7 8 -9 -10 11 12 13 14 -15 16 17 -18 -19 20 -21 22 23 24 -25 26 27 -28 29 -30 31 -32 33 34 35 36 37 38 39 40 -41 -42 -43 44 -45 46 -47 -48 49 50 -51 -52 53 54 55 56 -57 58 -59 -60 -61 -62 63 64 65 -66 -67 -68 69 70 71 72 73 -74 -75 0
uf75-085 15349 1 -2 3 -4 5 6 7 8 -9 10 11 12 -13 -14 -15 -16 17 -18 19 -20 21 -22 23 -24 25 -26 27 28 29 -30 31 -32 33 34 -35 36 -37 38 39 -40 41 42 43 -44 -45 -46 47 48 49 50 -51 -52 -53 54 55 56 -57 58 -59 -60 61 62 -63 64 -65 -66 -67 68 69 -70 -71 -72 -73 -74 -75 0
uf75-086 27949 1 2 3 4 5 -6 7 -8 9 10 11 12 13 -14 -15 16 17 18 19 20 -21 -22 -23 24 25 -26 27 -28 29 -30 -31 32 33 34 -35 36 37 -38 -39 40 41 42 -43 -44 45 -46 47 -48 49 50 -51 52 53 -54 -55 -56 -57 58 59 60 61 62 -63 64 -65 66 -67 68 -69 70 71 72 -73 -74 75 0
uf75-087 26056 -1 2 -3 4 -5 6 -7 8 9 -10 11 12 13 -14 15 16 -17 18 -19 20 21 -22 23 24 25 26 -27 -28 29 30 31 32 33 -34 35 -36 -37 -38 -39 40 41 -42 43 44 -45 46 47 48 -49 50 51 -52 53 54 55 -56 57 -58 59 60 61 -62 63 -64 65 66 -67 68 69 70 71 72 -73 74 -75 0
uf75-088 19679 -1 -2 -3 -4 5 -6 -7 8 9 -10 -11 12 13 14 -15 16 17 18 -19 20 21 -22 23 24 -25 -26 27 -28 -29 30 -31 -32 -33 -34 -35 -36 37 -38 -39 40 41 -42 -43 44 45 46 47 -48 49 50 -51 -52 53 54 -55 56 57 -58 -59 60 -61 62 -63 64 -65 66 67 -68 69 -70 -71 72 73 74 75 0
uf75-089 18192 1 -2 -3 -4 -5 -6 7 -8 9 -10 -11 -12 13 -14 15 -16 -17 18 19 20 -21 22 23 24 25 -26 -27 28 29 -30 -31 32 33 34 35 -36 37 -38 39 40 -41 42 -43 -44 -45 -46 47 -48 -49 -50 -51 52 53 54 -55 56 57 -58 -59 -60 -61 62 -63 -64 65 -66 -67 68 69 -70 -71 -72 73 74 75 0
uf75-09 21436 1 2 -3 4 -5 6 7 8 9 -10 -11 -12 -13 14 -15 -16 -17 -18 -19 -20 21 22 -23 24 25 -26 27 28 29 -30 -31 32 -33 -34 -35 36 37 38 39 40 -41 42 -43 44 45 46 47 48 49 -50 51 -52 -53 -54 55 -56 57 58 -59 -60 61 62 -63 -64 -65 66 -67 68 -69 -70 71 72 73 74 75 0
uf75-090 18847 1 -2 3 -4 -5 -6 7 -8 -9 -10 -11 -12 13 -14 -15 -16 -17 -18 19 -20 -21 -22 23 -24 25 26 -27 -28 29 -30 -31 32 -33 -34 -35 36 -37 -38 39 40 -41 -42 43 44 45 46 47 48 49 -50 -51 -52 -53 -54 55 -56 57 58 -59 -60 -61 62 63 -64 65 -66 67 -68 -69 70 71 -72 73 -74 75 0
uf75-091 25239 -1 -2 3 4 5 -6 -7 -8 -9 -10 -11 12 -13 14 15 -16 17 -18 -19 -20 21 -22 -23 -24 -25 26 27 -28 29 30 31 -32 -33 34 -35 -36 -37 -38 -39 40 -41 -42 43 44 45 -46 -47 48 49 -50 51 52 53 54 55 56 -57 -58 -59 60 61 -62 63 -64 65 66 67 68 69 70 71 72 73 -74 75 0
uf75-092 26636 1 -2 -3 4 5 -6 -7 8 9 10 11 -12 13 -14 15 -16 17 18 19 -20 21 22 23 24 -25 26 27 -28 -29 30 31 32 33 -34 35 36 37 -38 39 -40 -41 42 43 44 -45 46 47 -48 49 50 -51 -52 -53 54 -55 56 57 58 59 60 -61 62 63 64 65 66 -67 -68 -69 -70 71 -72 -73 74 -75 0
uf75-093 21982 1 -2 -3 -4 -5 -6 -7 8 9 10 -11 12 -13 14 15 -16 17 -18 19 20 -21 22 -23 24 25 26 27 -28 29 -30 31 -32 33 34 35 -36 37 38 -39 -40 -41 42 -43 -44 45 46 47 -48 -49 50 51 52 53 -54 -55 -56 -57 58 -59 -60 61 62 63 64 65 66 67 68 -69 70 71 72 -73 74 75 0
uf75-094 17241 1 -2 -3 -4 5 6 7 8 -9 -10 -11 12 -13 14 15 16 -17 18 19 20 -21 22 23 -24 -25 -26 -27 -28 29 30 31 -32 33 34 -35 -36 37 38 39 40 -41 -42 43 -44 45 46 -47 48 -49 50 -51 -52 53 -54 -55 56 -57 -58 -59 60 61 -62 -63 64 65 -66 67 -68 -69 70 -71 72 73 -74 -75 0
uf75-095 25036 -1 -2 -3 -4 5 6 7 8 9 -10 11 -12 -13 14 15 -16 17 18 19 -20 21 22 23 -24 25 -26 -27 -28 -29 -30 31 -32 -33 34 -35 -36 37 38 39 40 -41 42 43 44 45 -46 47 48 -49 -50 51 52 -53 -54 -55 56 57 -58 -59 -60 -61 62 63 -64 65 66 67 -68 69 70 -71 72 73 74 -75 0
uf75-096 29209 -1 2 3 4 5 6 7 8 -9 -10 -11 -12 -13 -14 -15 16 17 18 19 -20 21 -22 -23 24 25 26 -27 28 -29 30 -31 32 33 34 -35 36 37 -38 -39 40 41 42 -43 44 45 -46 47 48 49 50 -51 52 53 54 55 56 57 58 59 60 -61 -62 -63 64 65 -66 67 68 69 -70 71 -72 73 -74 75 0
uf75-097 29616 -1 2 -3 4 5 6 7 8 -9 -10 11 12 -13 14 15 16 17 18 19 20 -21 22 23 24 25 26 -27 28 -29 -30 31 -32 33 34 35 36 37 38 39 -40 -41 -42 -43 44 45 46 47 48 -49 50 51 52 53 54 55 -56 57 -58 59 -60 -61 -62 -63 -64 -65 -66 67 -68 69 70 71 72 73 -74 75 0
uf75-098 22607 -1 -2 3 -4 5 -6 7 -8 -9 10 -11 12 13 14 15 16 17 18 -19 -20 21 -22 23 24 -25 -26 -27 28 29 30 -31 -32 -33 34 35 36 37 -38 39 -40 41 42 -43 44 -45 46 -47 -48 -49 50 -51 52 53 -54 -55 56 57 -58 -59 60 61 62 -63 -64 65 66 -67 68 -69 70 -71 72 73 74 -75 0
uf75-099 21559 -1 2 -3 -4 5 6 -7 -8 -9 -10 -11 -12 -13 14 15 -16 -17 -18 19 20 21 22 23 -24 -25 -26 27 28 -29 -30 -31 32 33 -34 35 36 37 38 39 -40 -41 42 -43 -44 45 46 -47 -48 49 -50 51 52 53 -54 55 -56 57 -58 -59 60 61 62 -63 64 -65 66 67 -68 69 -70 -71 72 73 -74 -75 0
